 0時の価格幅は0.2629(最高値=1.781、最低値=0.069、中央値=0.204、値域=0.148)
 1時の価格幅は0.2313(最高値=1.413、最低値=0.062、中央値=0.189、値域=0.144)
 2時の価格幅は0.2135(最高値=1.791、最低値=0.057、中央値=0.164、値域=0.132)
 3時の価格幅は0.2037(最高値=0.674、最低値=0.060、中央値=0.168、値域=0.113)
 4時の価格幅は0.2660(最高値=1.000、最低値=0.069、中央値=0.226、値域=0.137)
 5時の価格幅は0.3024(最高値=0.750、最低値=0.095、中央値=0.267、値域=0.163)
 6時の価格幅は0.3133(最高値=0.753、最低値=0.090、中央値=0.271、値域=0.171)
 7時の価格幅は0.2734(最高値=0.955、最低値=0.082、中央値=0.226、値域=0.176)
 8時の価格幅は0.2616(最高値=1.844、最低値=0.052、中央値=0.212、値域=0.163)
 9時の価格幅は0.2631(最高値=2.119、最低値=0.065、中央値=0.208、値域=0.151)
10時の価格幅は0.2940(最高値=2.083、最低値=0.065、中央値=0.239、値域=0.171)
11時の価格幅は0.3045(最高値=0.913、最低値=0.088、中央値=0.273、値域=0.163)
12時の価格幅は0.3497(最高値=1.505、最低値=0.088、中央値=0.310、値域=0.196)
13時の価格幅は0.3549(最高値=1.505、最低値=0.096、中央値=0.318、値域=0.197)
14時の価格幅は0.3345(最高値=1.464、最低値=0.096、中央値=0.300、値域=0.202)
15時の価格幅は0.2912(最高値=1.316、最低値=0.095、中央値=0.261、値域=0.153)
16時の価格幅は0.3613(最高値=1.118、最低値=0.104、中央値=0.301、値域=0.192)
17時の価格幅は0.4361(最高値=1.520、最低値=0.097、中央値=0.385、値域=0.261)
18時の価格幅は0.4950(最高値=1.779、最低値=0.091、中央値=0.443、値域=0.289)
19時の価格幅は0.4582(最高値=1.986、最低値=0.083、中央値=0.403、値域=0.207)
20時の価格幅は0.3958(最高値=1.246、最低値=0.063、中央値=0.347、値域=0.213)
21時の価格幅は0.3300(最高値=1.016、最低値=0.054、中央値=0.271、値域=0.188)
22時の価格幅は0.3032(最高値=1.126、最低値=0.041、中央値=0.248、値域=0.219)
23時の価格幅は0.2831(最高値=1.228、最低値=0.049、中央値=0.219、値域=0.194)

[取得値詳細]
Index[0]=,0.300,0.728,0.680,0.274,0.167,0.260,0.565,0.576,0.463,0.300,0.293,0.219,0.294,0.489,0.152,0.181,0.291,0.724,0.226,0.313,0.434,0.421,0.261,0.301,0.413,0.401,0.224,0.245,0.192,0.179,0.206,0.328,0.752,0.141,0.449,0.170,0.176,0.184,0.125,0.139,0.147,0.221,0.132,0.135,0.320,0.197,0.185,0.181,0.154,0.230,0.139,0.078,1.781,0.310,0.335,0.206,0.217,0.256,0.292,0.274,0.196,0.283,0.214,0.099,0.077,0.436,0.204,0.495,0.207,0.201,0.155,0.202,0.442,0.296,0.215,0.217,0.134,0.146,0.166,0.181,0.118,0.128,0.485,0.415,0.209,0.095,0.143,0.241,0.131,0.147,0.144,0.204,0.113,0.101,0.190,0.090,0.078,0.559,0.153,0.073,0.088,0.197,0.291,0.376,0.198,0.137,0.294,0.246,0.170,0.116,0.482,0.133,0.193,0.277,0.210,0.141,0.069,1.228,0.218,0.179,0.093,0.149,0.097,0.125,0.146,0.170,0.289,0.098,0.092
Index[1]=,0.229,0.205,0.571,0.680,0.182,0.285,0.160,0.413,0.477,0.491,0.294,0.284,0.202,0.259,0.491,0.152,0.075,0.235,0.724,0.209,0.323,0.558,0.195,0.406,0.126,0.410,0.322,0.247,0.285,0.266,0.167,0.122,0.125,0.723,0.112,0.253,0.225,0.224,0.184,0.127,0.202,0.147,0.189,0.102,0.104,0.228,0.114,0.155,0.181,0.154,0.129,0.082,1.413,0.285,0.242,0.138,0.234,0.138,0.191,0.283,0.187,0.099,0.177,0.327,0.153,0.226,0.208,0.201,0.155,0.155,0.344,0.296,0.261,0.145,0.107,0.108,0.131,0.164,0.115,0.091,0.234,0.215,0.196,0.085,0.093,0.198,0.221,0.120,0.090,0.251,0.100,0.082,0.191,0.085,0.112,0.361,0.153,0.075,0.067,0.137,0.267,0.269,0.104,0.111,0.137,0.189,0.191,0.116,0.327,0.102,0.172,0.200,0.321,0.132,0.062,0.267,0.218,0.364,0.086,0.133,0.087,0.085,1.406,0.158,0.264,0.070,0.097
Index[2]=,0.293,0.416,0.522,0.410,0.262,0.427,0.164,0.277,0.304,0.666,0.312,0.267,0.191,0.259,0.343,0.414,0.100,0.235,0.586,0.176,0.662,0.493,0.195,0.406,0.121,0.365,0.293,0.129,0.261,0.316,0.377,0.142,0.170,0.247,0.164,0.240,0.167,0.138,0.074,0.146,0.213,0.090,0.102,0.095,0.107,0.208,0.179,0.170,0.168,0.148,0.147,0.114,0.082,1.004,0.237,0.425,0.204,0.092,0.128,0.149,0.274,0.191,0.211,0.141,0.087,0.177,0.130,0.153,0.104,0.142,0.161,0.127,0.155,0.201,0.177,0.218,0.115,0.127,0.143,0.167,0.147,0.136,0.082,0.189,0.133,0.158,0.086,0.119,0.105,0.197,0.142,0.076,0.251,0.084,0.073,0.191,0.057,0.109,0.173,0.107,0.106,0.102,0.120,0.185,0.316,0.153,0.084,0.132,0.160,0.139,0.143,0.270,0.146,0.194,0.246,0.278,0.102,0.072,0.173,0.095,0.321,0.064,0.074,0.101,0.088,1.791,0.097,0.213,0.130,0.058
Index[3]=,0.284,0.396,0.405,0.340,0.316,0.452,0.220,0.272,0.334,0.565,0.312,0.323,0.243,0.243,0.440,0.567,0.220,0.226,0.272,0.240,0.662,0.239,0.257,0.265,0.107,0.335,0.113,0.144,0.318,0.302,0.377,0.148,0.141,0.179,0.182,0.165,0.205,0.138,0.060,0.143,0.323,0.137,0.137,0.104,0.119,0.208,0.479,0.355,0.132,0.126,0.157,0.114,0.113,0.279,0.160,0.425,0.229,0.103,0.144,0.146,0.243,0.242,0.174,0.194,0.093,0.158,0.088,0.108,0.099,0.099,0.150,0.130,0.155,0.160,0.139,0.205,0.136,0.151,0.142,0.135,0.091,0.170,0.087,0.204,0.132,0.102,0.086,0.129,0.167,0.180,0.175,0.094,0.251,0.138,0.103,0.168,0.127,0.146,0.173,0.085,0.106,0.158,0.197,0.155,0.310,0.193,0.170,0.162,0.156,0.126,0.140,0.176,0.146,0.292,0.233,0.200,0.081,0.111,0.251,0.174,0.288,0.076,0.106,0.104,0.115,0.674,0.181,0.188,0.195,0.070
Index[4]=,0.618,0.480,0.563,0.323,0.316,0.306,0.679,0.468,0.568,0.519,0.283,0.367,0.293,0.357,0.457,0.565,0.257,0.344,0.396,0.317,0.515,0.470,0.396,0.183,0.171,0.252,0.257,0.201,0.393,0.302,0.330,0.297,0.196,0.207,0.159,0.162,0.183,0.353,0.272,0.217,0.323,0.213,0.253,0.176,0.156,0.253,0.430,0.427,0.221,0.176,0.136,0.164,0.080,0.623,0.160,0.274,0.300,0.120,0.216,0.153,0.216,0.169,0.433,0.225,0.126,0.262,0.183,0.176,0.298,0.183,0.237,0.381,0.267,0.295,0.194,0.226,0.244,0.194,0.172,0.219,0.221,0.121,0.141,0.200,0.305,0.139,0.069,0.141,0.181,0.180,0.137,0.100,0.180,0.225,0.218,0.344,0.125,0.346,0.259,0.152,0.275,0.225,0.167,0.154,0.268,0.221,0.160,0.261,0.191,0.211,0.218,0.196,0.233,0.358,0.209,0.294,0.096,0.106,0.248,0.216,0.278,0.110,0.176,0.104,0.165,1.000,0.313,0.246,0.265,0.288
Index[5]=,0.588,0.348,0.502,0.556,0.405,0.290,0.744,0.446,0.558,0.542,0.691,0.597,0.368,0.357,0.463,0.565,0.306,0.540,0.396,0.456,0.627,0.521,0.546,0.240,0.186,0.301,0.259,0.287,0.315,0.291,0.244,0.297,0.229,0.209,0.201,0.162,0.160,0.348,0.272,0.205,0.266,0.365,0.209,0.224,0.263,0.220,0.486,0.550,0.257,0.187,0.198,0.164,0.109,0.623,0.224,0.214,0.276,0.158,0.290,0.295,0.196,0.379,0.669,0.225,0.129,0.368,0.172,0.190,0.298,0.183,0.163,0.312,0.312,0.396,0.209,0.226,0.321,0.194,0.161,0.202,0.234,0.169,0.110,0.158,0.305,0.101,0.095,0.155,0.228,0.266,0.140,0.119,0.180,0.224,0.320,0.418,0.139,0.394,0.230,0.223,0.271,0.248,0.384,0.283,0.231,0.215,0.145,0.368,0.274,0.211,0.343,0.342,0.233,0.381,0.208,0.279,0.491,0.097,0.430,0.267,0.256,0.272,0.187,0.126,0.212,0.750,0.313,0.246,0.251,0.288
Index[6]=,0.445,0.348,0.525,0.602,0.441,0.298,0.599,0.513,0.412,0.721,0.691,0.617,0.606,0.343,0.497,0.454,0.523,0.524,0.538,0.382,0.619,0.459,0.450,0.329,0.208,0.318,0.259,0.287,0.256,0.194,0.231,0.285,0.470,0.389,0.220,0.162,0.250,0.254,0.269,0.228,0.176,0.578,0.190,0.224,0.263,0.313,0.350,0.423,0.255,0.157,0.198,0.148,0.109,0.582,0.211,0.217,0.162,0.219,0.234,0.346,0.208,0.338,0.583,0.239,0.117,0.347,0.172,0.226,0.274,0.183,0.271,0.330,0.217,0.354,0.245,0.223,0.285,0.180,0.160,0.178,0.234,0.169,0.120,0.271,0.277,0.140,0.090,0.155,0.272,0.260,0.169,0.137,0.166,0.192,0.318,0.399,0.181,0.325,0.173,0.303,0.221,0.140,0.352,0.753,0.263,0.240,0.352,0.378,0.272,0.211,0.336,0.342,0.293,0.332,0.189,0.263,0.491,0.102,0.515,0.267,0.256,0.369,0.187,0.239,0.379,0.750,0.528,0.209,0.165,0.282
Index[7]=,0.474,0.286,0.434,0.448,0.405,0.291,0.308,0.497,0.268,0.721,0.554,0.434,0.955,0.521,0.316,0.301,0.452,0.445,0.504,0.361,0.594,0.269,0.279,0.415,0.197,0.202,0.142,0.226,0.359,0.509,0.300,0.332,0.470,0.315,0.217,0.139,0.270,0.151,0.205,0.178,0.118,0.492,0.167,0.121,0.171,0.392,0.618,0.282,0.179,0.157,0.195,0.207,0.113,0.708,0.202,0.202,0.115,0.232,0.156,0.346,0.175,0.294,0.310,0.212,0.096,0.203,0.134,0.320,0.161,0.175,0.269,0.235,0.176,0.354,0.201,0.145,0.186,0.117,0.165,0.191,0.150,0.169,0.104,0.242,0.192,0.167,0.082,0.157,0.211,0.170,0.196,0.137,0.194,0.152,0.182,0.146,0.181,0.184,0.143,0.219,0.105,0.122,0.299,0.803,0.226,0.208,0.446,0.300,0.260,0.123,0.297,0.227,0.281,0.332,0.116,0.156,0.491,0.114,0.360,0.225,0.251,0.296,0.111,0.366,0.361,0.343,0.352,0.159,0.168,0.227
Index[8]=,0.409,0.355,0.279,0.215,0.362,0.291,0.592,0.400,0.268,0.633,0.369,0.265,0.863,0.329,0.386,0.292,0.277,0.210,0.328,0.232,0.364,0.559,0.271,0.415,0.151,0.154,0.089,0.261,0.359,0.582,0.258,0.302,0.431,0.235,0.089,0.211,0.207,0.133,0.141,0.168,0.114,0.373,0.241,0.141,0.135,0.377,0.388,0.218,0.213,0.196,0.146,0.173,0.069,0.499,0.148,0.353,0.153,0.164,0.457,0.296,0.175,0.220,0.276,0.212,0.132,0.208,0.131,0.548,0.159,0.102,0.311,0.229,0.197,0.415,0.201,0.210,0.117,0.210,0.372,0.149,0.224,0.095,0.071,0.447,0.145,0.154,0.132,0.111,0.165,0.146,0.134,0.052,0.207,0.148,0.123,0.147,0.103,0.197,0.182,0.267,0.089,0.151,0.196,0.615,0.172,0.252,0.462,0.225,0.125,0.087,0.201,0.172,1.844,0.310,0.209,0.123,0.138,0.115,0.275,0.241,0.131,0.216,0.255,0.345,0.238,0.637,0.287,0.117,0.168,0.204
Index[9]=,0.334,0.497,0.299,0.203,0.424,0.294,0.893,0.553,0.232,0.506,0.320,0.256,0.759,0.285,0.388,0.211,0.222,0.210,0.404,0.329,0.285,0.559,0.302,0.274,0.125,0.151,0.122,0.186,0.174,0.582,0.249,0.290,0.247,0.197,0.089,0.191,0.131,0.116,0.096,0.168,0.139,0.215,0.206,0.135,0.135,0.240,0.374,0.225,0.293,0.140,0.208,0.173,0.078,0.447,0.096,0.332,0.246,0.107,0.490,0.263,0.130,0.216,0.506,0.214,0.132,0.165,0.170,0.548,0.160,0.118,0.185,0.303,0.154,0.378,0.131,0.326,0.165,0.241,0.330,0.141,0.202,0.091,0.065,0.447,0.162,0.100,0.162,0.159,0.141,0.134,0.122,0.130,0.181,0.147,0.219,0.168,0.085,0.183,0.189,0.159,0.152,0.150,0.384,0.655,0.267,0.270,0.283,0.294,0.277,0.083,0.146,0.323,2.119,0.335,0.180,0.170,0.121,0.177,0.315,0.363,0.155,0.180,0.252,0.187,0.173,0.795,0.238,0.223,0.129,0.159
Index[10]=,0.289,0.639,0.299,0.265,0.381,0.218,0.925,0.807,0.339,0.683,0.293,0.413,0.636,0.270,0.476,0.491,0.423,0.353,0.378,0.330,0.259,0.355,0.331,0.292,0.169,0.138,0.158,0.198,0.201,0.330,0.216,0.211,0.432,0.174,0.065,0.130,0.242,0.209,0.070,0.168,0.136,0.188,0.203,0.112,0.166,0.145,0.248,0.290,0.454,0.135,0.192,0.177,0.083,0.250,0.163,0.245,0.278,0.186,0.758,0.258,0.103,0.339,0.489,0.226,0.103,0.132,0.161,0.453,0.178,0.093,0.165,0.341,0.214,0.311,0.169,0.385,0.165,0.217,0.287,0.453,0.322,0.116,0.123,0.461,0.206,0.101,0.162,0.333,0.135,0.186,0.119,0.213,0.146,0.306,0.255,0.179,0.085,0.249,0.173,0.158,0.198,0.948,0.384,0.642,0.327,0.298,0.289,0.237,0.516,0.130,0.602,0.415,2.083,0.388,0.241,0.226,0.120,0.184,0.290,0.235,0.238,0.184,0.265,0.239,0.175,0.611,0.223,0.296,0.146,0.159
Index[11]=,0.295,0.587,0.454,0.327,0.326,0.297,0.629,0.535,0.362,0.575,0.225,0.389,0.576,0.430,0.596,0.621,0.473,0.371,0.343,0.257,0.183,0.394,0.342,0.288,0.160,0.221,0.283,0.261,0.236,0.450,0.236,0.158,0.432,0.151,0.114,0.406,0.278,0.236,0.189,0.201,0.164,0.188,0.203,0.137,0.152,0.255,0.221,0.294,0.497,0.246,0.175,0.190,0.142,0.308,0.210,0.297,0.193,0.186,0.518,0.408,0.208,0.291,0.278,0.210,0.088,0.108,0.371,0.260,0.178,0.160,0.315,0.308,0.251,0.203,0.342,0.276,0.235,0.208,0.260,0.453,0.369,0.169,0.161,0.567,0.244,0.208,0.133,0.273,0.222,0.208,0.114,0.346,0.144,0.336,0.214,0.228,0.226,0.219,0.218,0.191,0.167,0.913,0.344,0.411,0.307,0.235,0.281,0.409,0.500,0.360,0.602,0.461,0.701,0.435,0.321,0.292,0.245,0.242,0.316,0.284,0.478,0.216,0.265,0.236,0.175,0.634,0.417,0.280,0.240,0.156
Index[12]=,0.250,0.585,0.454,0.264,0.205,0.694,0.637,0.656,0.410,0.406,0.367,0.546,0.555,0.472,0.406,0.752,0.416,0.445,0.379,0.254,0.319,0.494,0.409,0.291,0.167,0.419,0.303,0.332,1.505,0.485,0.213,0.272,0.432,0.211,0.326,0.439,0.279,0.218,0.307,0.204,0.223,0.285,0.210,0.138,0.185,0.336,0.319,0.330,0.362,0.192,0.194,0.259,0.179,0.372,0.310,0.382,0.248,0.167,0.612,0.351,0.543,0.291,0.524,0.184,0.094,0.088,0.531,0.303,0.174,0.390,0.484,0.280,0.213,0.218,0.342,0.314,0.366,0.245,0.193,0.400,0.369,0.169,0.381,0.567,0.198,0.208,0.256,0.239,0.270,0.164,0.159,0.307,0.186,0.377,0.186,0.228,0.227,0.238,0.314,0.212,0.148,0.924,0.238,0.407,0.357,0.255,0.281,0.516,0.621,0.350,0.602,0.461,0.662,0.510,0.397,0.292,0.245,0.365,0.448,0.257,0.472,0.203,0.288,0.236,0.132,0.728,0.527,0.266,0.243,0.163
Index[13]=,0.346,0.524,0.557,0.281,0.205,0.931,0.458,0.700,1.189,0.434,0.367,0.516,0.494,0.574,0.376,0.474,0.396,0.578,0.346,0.331,0.319,0.358,0.455,0.256,0.158,0.511,0.285,0.250,1.505,0.269,0.158,0.368,0.211,0.321,0.330,0.371,0.365,0.217,0.287,0.187,0.223,0.245,0.281,0.242,0.158,0.292,0.319,0.407,0.315,0.196,0.245,0.259,0.175,0.372,0.457,0.272,0.255,0.160,0.396,0.281,0.634,0.227,0.512,0.228,0.096,0.152,0.466,0.303,0.278,0.390,0.511,0.359,0.305,0.283,0.283,0.358,0.435,0.297,0.271,0.430,0.310,0.190,0.471,0.309,0.152,0.154,0.241,0.227,0.349,0.144,0.142,0.186,0.130,0.402,0.318,0.228,0.257,0.196,0.263,0.212,0.142,0.417,0.494,0.569,0.357,0.247,0.345,0.442,0.606,0.326,0.552,0.555,0.662,0.604,0.309,0.246,0.225,0.439,0.553,0.246,0.334,0.203,0.347,0.471,0.139,0.318,0.544,0.461,0.212,0.271
Index[14]=,0.296,0.524,0.508,0.207,0.261,1.026,0.475,0.620,1.189,0.412,0.303,0.511,0.259,0.511,0.496,0.311,0.317,0.601,0.268,0.366,0.325,0.377,0.329,0.213,0.139,0.488,0.391,0.285,1.464,0.220,0.131,0.440,0.267,0.374,0.262,0.287,0.360,0.192,0.139,0.187,0.183,0.156,0.264,0.428,0.179,0.235,0.471,0.369,0.256,0.196,0.224,0.254,0.193,0.369,0.416,0.359,0.300,0.175,0.435,0.216,0.456,0.325,0.468,0.178,0.096,0.144,0.259,0.320,0.392,0.297,0.224,0.359,0.264,0.438,0.358,0.408,0.435,0.243,0.243,0.345,0.310,0.249,0.444,0.227,0.165,0.201,0.319,0.166,0.382,0.137,0.184,0.262,0.108,0.130,0.475,0.129,0.166,0.152,0.275,0.157,0.225,0.378,0.735,0.569,0.210,0.192,0.356,0.398,0.484,0.169,0.336,0.703,0.731,0.392,0.174,0.206,0.127,0.347,0.313,0.208,0.356,0.202,0.268,0.471,0.151,0.318,0.660,0.461,0.177,0.266
Index[15]=,0.301,0.629,0.505,0.207,0.261,0.595,0.437,0.620,1.316,0.430,0.292,0.692,0.397,0.290,0.727,0.311,0.311,0.305,0.309,0.200,0.263,0.261,0.272,0.190,0.137,0.284,0.411,0.334,0.488,0.178,0.128,0.301,0.248,0.343,0.197,0.339,0.285,0.179,0.122,0.169,0.249,0.211,0.170,0.369,0.130,0.393,0.702,0.330,0.277,0.142,0.187,0.179,0.170,0.268,0.278,0.359,0.261,0.216,0.389,0.216,0.186,0.304,0.264,0.160,0.217,0.130,0.206,0.220,0.328,0.248,0.315,0.567,0.231,0.377,0.344,0.344,0.306,0.263,0.183,0.132,0.310,0.219,0.205,0.145,0.165,0.172,0.233,0.166,0.345,0.224,0.097,0.193,0.115,0.122,0.413,0.095,0.160,0.158,0.259,0.293,0.178,0.388,0.721,0.530,0.257,0.148,0.327,0.194,0.194,0.192,0.146,0.418,0.697,0.242,0.225,0.191,0.130,0.175,0.266,0.202,0.369,0.290,0.268,0.413,0.256,0.188,0.572,0.209,0.123,0.168
Index[16]=,0.389,0.643,0.462,0.172,0.177,0.296,0.278,0.373,0.754,0.401,0.279,0.510,0.451,0.361,0.837,0.273,0.373,0.359,0.424,0.286,0.179,0.253,0.234,0.162,0.104,0.213,0.323,0.298,0.263,0.445,0.117,0.203,0.292,0.285,0.247,0.281,0.160,0.204,0.253,0.161,0.213,0.197,0.148,0.258,0.153,0.343,1.076,0.231,0.507,0.252,0.163,0.190,0.133,0.497,0.372,0.278,0.463,0.411,0.579,0.395,0.279,0.231,0.459,0.365,1.118,0.184,0.426,0.246,0.240,0.254,1.075,0.640,0.295,0.337,0.689,0.307,0.155,0.330,0.183,0.340,0.223,0.311,0.468,0.508,0.205,0.178,0.434,0.330,0.318,0.626,0.135,0.297,0.561,0.230,0.271,0.123,0.421,0.276,0.294,0.795,0.110,0.743,0.375,0.390,0.431,0.301,0.365,0.336,0.340,1.085,0.240,0.481,0.706,0.857,0.256,0.337,0.255,0.201,0.301,0.214,0.343,0.531,0.277,0.368,0.456,0.251,0.308,0.313,0.753,0.250
Index[17]=,0.674,0.487,0.535,0.475,0.972,0.509,0.320,1.048,0.705,0.514,0.210,0.395,0.470,0.636,0.586,0.339,0.673,0.263,0.376,0.450,0.168,0.486,0.285,0.259,1.520,0.213,0.661,0.298,0.654,0.409,0.257,0.251,0.273,0.365,0.385,0.258,0.141,0.223,0.465,0.178,0.205,0.239,0.237,0.272,1.012,0.211,0.761,0.387,0.485,0.275,0.252,0.167,0.097,0.406,0.456,0.301,0.503,0.387,0.619,0.384,0.359,0.218,0.513,0.352,1.226,0.182,0.398,0.246,0.387,0.419,1.049,0.803,0.400,0.254,0.610,0.173,0.524,0.349,0.177,0.547,0.157,0.311,0.446,0.797,0.263,0.182,0.434,0.506,0.326,0.639,0.168,0.233,0.544,0.329,0.318,0.251,0.422,0.327,0.268,0.717,0.104,0.803,0.333,0.395,0.354,0.301,0.801,0.437,0.517,1.211,0.339,0.481,0.626,0.857,0.314,0.359,0.252,0.226,0.301,0.641,0.343,0.525,0.350,0.322,0.570,0.251,0.389,0.276,0.753,0.401
Index[18]=,0.826,0.541,0.532,0.514,0.972,1.006,0.420,0.970,1.013,0.814,0.286,0.464,0.414,0.836,0.599,0.350,0.760,0.217,0.348,0.457,0.187,0.486,0.285,0.259,1.779,0.316,0.668,0.650,0.863,0.345,0.231,0.278,0.273,0.365,0.483,0.295,0.188,0.309,0.503,0.216,0.205,0.510,0.237,0.433,1.193,0.211,0.530,0.387,0.547,0.354,0.250,0.211,0.141,0.336,0.465,0.320,0.541,0.376,0.601,0.322,0.313,0.372,0.776,0.325,1.226,0.182,0.321,0.426,0.508,0.419,0.876,0.846,0.400,0.446,0.609,0.391,0.500,0.365,0.444,0.546,0.304,0.357,0.572,0.877,0.521,0.216,0.553,0.634,0.380,0.639,0.168,0.274,0.646,0.294,0.735,0.222,0.584,0.486,0.259,0.717,0.091,0.774,0.404,0.387,0.425,0.674,1.028,0.671,0.471,1.192,0.351,0.401,0.457,0.857,0.539,0.243,0.199,0.443,0.618,0.641,0.293,0.468,0.558,0.322,0.335,0.331,0.526,0.343,0.767,0.325
Index[19]=,0.805,0.582,0.489,0.452,1.041,0.992,0.420,0.847,1.013,1.420,0.310,0.447,0.604,0.836,0.666,0.350,0.491,0.232,0.329,0.457,0.553,0.486,0.264,0.187,1.986,0.295,0.543,0.699,0.866,0.481,0.222,0.435,0.271,0.313,0.572,0.263,0.758,0.257,0.649,0.289,0.443,0.413,0.290,0.433,1.373,0.399,0.439,0.319,0.402,0.403,0.250,0.164,0.411,0.269,0.723,0.320,0.619,0.366,0.299,0.322,0.228,0.372,0.499,0.238,0.250,0.172,0.306,0.376,0.447,0.260,0.508,0.531,0.395,0.410,0.325,0.377,0.403,0.309,0.468,0.435,0.379,0.331,0.482,0.602,0.498,0.216,0.686,0.480,0.521,0.301,0.271,0.364,0.323,0.392,0.689,0.215,0.346,0.568,0.259,0.234,0.083,0.447,0.430,0.387,0.460,0.784,0.949,0.616,0.391,0.487,0.425,0.366,0.391,0.263,0.633,0.236,0.184,0.333,0.439,0.475,0.305,0.544,0.375,0.280,0.234,0.499,0.419,0.343,0.196,0.291
Index[20]=,0.463,0.997,0.352,0.346,1.246,0.701,0.652,0.716,0.645,1.156,0.206,0.424,0.735,0.807,0.401,0.350,0.426,0.264,0.590,0.450,0.512,0.327,0.286,0.154,0.589,0.224,0.394,0.695,1.002,0.481,0.132,0.399,0.268,0.346,0.572,0.180,0.843,0.257,0.347,0.478,0.454,0.346,0.301,0.292,0.536,0.493,0.343,0.301,0.279,0.431,0.178,0.144,0.385,0.257,0.667,0.260,0.409,0.295,0.318,0.343,0.322,0.372,0.348,0.157,0.196,0.255,0.302,0.262,0.271,0.240,0.304,0.332,0.296,0.355,0.218,0.319,0.346,0.251,0.394,0.376,0.505,0.218,0.414,0.473,0.512,0.218,0.686,0.427,0.511,0.200,0.277,0.264,0.254,0.367,0.434,0.144,0.346,0.393,0.259,0.185,0.063,0.447,0.400,0.699,0.460,0.918,0.508,0.368,0.344,0.347,0.425,0.308,0.318,0.184,0.496,0.211,0.184,0.250,0.446,0.211,0.291,0.516,0.376,0.210,0.203,0.531,0.492,0.343,0.226,0.233
Index[21]=,0.410,1.012,0.352,0.278,0.756,0.507,0.828,0.633,0.730,0.637,0.163,0.472,0.879,0.816,0.405,0.253,0.553,0.242,0.652,0.378,0.388,0.443,0.262,0.265,0.412,0.208,0.262,0.236,0.765,0.372,0.234,0.251,0.268,0.238,0.570,0.143,1.016,0.199,0.365,0.469,0.388,0.249,0.166,0.251,0.433,0.414,0.345,0.175,0.274,0.225,0.186,0.130,0.302,0.281,0.750,0.226,0.343,0.271,0.497,0.199,0.282,0.190,0.201,0.105,0.169,0.328,0.183,0.174,0.320,0.157,0.343,0.332,0.530,0.382,0.233,0.233,0.260,0.141,0.251,0.189,0.300,0.174,0.374,0.307,0.193,0.133,0.306,0.287,0.356,0.198,0.214,0.168,0.131,0.242,0.174,0.181,0.209,0.237,0.197,0.198,0.054,0.261,0.387,0.695,0.209,0.436,0.374,0.363,0.333,0.233,0.684,0.308,0.265,0.140,0.291,0.160,0.114,0.156,0.351,0.201,0.192,0.287,0.593,0.223,0.171,0.285,0.492,0.279,0.148,0.203
Index[22]=,0.358,0.753,0.362,0.273,0.451,0.559,0.937,0.455,0.762,0.401,0.161,0.565,0.618,0.586,0.267,0.206,0.521,0.194,0.536,0.250,0.373,0.403,0.317,0.348,0.246,0.188,0.199,0.299,0.504,0.156,0.248,0.461,0.222,0.217,0.400,0.107,0.481,0.146,0.225,0.272,0.117,0.238,0.158,0.153,0.493,0.238,0.240,0.187,0.197,0.226,0.213,0.135,0.771,0.196,0.391,0.253,0.361,0.307,0.525,0.199,0.173,0.144,0.219,0.098,0.100,0.304,0.168,0.495,0.392,0.157,0.307,0.135,0.472,0.468,0.322,0.197,0.291,0.118,0.293,0.230,0.241,0.159,0.506,0.488,0.086,0.201,0.186,0.392,0.159,0.170,0.124,0.211,0.129,0.161,0.190,0.205,0.210,0.559,0.150,0.161,0.041,0.254,0.306,0.637,0.199,0.273,0.331,0.363,0.376,0.176,0.673,0.303,0.280,0.273,0.320,0.170,0.072,1.126,0.289,0.166,0.144,0.293,0.485,0.151,0.187,0.191,0.427,0.170,0.146,0.201
Index[23]=,0.294,0.594,0.733,0.315,0.191,0.294,0.666,0.701,0.656,0.283,0.362,0.401,0.375,0.551,0.236,0.177,0.386,0.525,0.220,0.277,0.281,0.398,0.364,0.348,0.169,0.401,0.204,0.255,0.325,0.179,0.248,0.421,0.730,0.183,0.417,0.114,0.385,0.152,0.160,0.161,0.121,0.318,0.146,0.185,0.369,0.286,0.223,0.195,0.137,0.241,0.207,0.078,1.041,0.160,0.328,0.202,0.193,0.245,0.445,0.206,0.202,0.183,0.209,0.096,0.088,0.536,0.148,0.495,0.358,0.137,0.219,0.178,0.391,0.440,0.214,0.219,0.190,0.134,0.293,0.230,0.222,0.128,0.506,0.415,0.146,0.119,0.186,0.372,0.110,0.170,0.152,0.211,0.115,0.161,0.153,0.176,0.145,0.559,0.153,0.142,0.049,0.254,0.345,0.485,0.198,0.155,0.266,0.199,0.316,0.188,0.784,0.176,0.193,0.298,0.199,0.193,0.070,1.228,0.248,0.167,0.126,0.239,0.274,0.134,0.164,0.192,0.344,0.159,0.121
