 0時の価格幅は0.3118(最高値=1.800、最低値=0.070、中央値=0.237、値域=0.204)
 1時の価格幅は0.2906(最高値=1.781、最低値=0.069、中央値=0.226、値域=0.170)
 2時の価格幅は0.2593(最高値=1.791、最低値=0.072、中央値=0.196、値域=0.154)
 3時の価格幅は0.2430(最高値=1.791、最低値=0.070、中央値=0.193、値域=0.137)
 4時の価格幅は0.2891(最高値=1.000、最低値=0.090、中央値=0.257、値域=0.150)
 5時の価格幅は0.3253(最高値=1.088、最低値=0.095、中央値=0.288、値域=0.170)
 6時の価格幅は0.3457(最高値=0.782、最低値=0.095、中央値=0.293、値域=0.189)
 7時の価格幅は0.3433(最高値=1.088、最低値=0.090、中央値=0.298、値域=0.204)
 8時の価格幅は0.3227(最高値=1.844、最低値=0.104、中央値=0.268、値域=0.202)
 9時の価格幅は0.3046(最高値=2.119、最低値=0.071、中央値=0.250、値域=0.196)
10時の価格幅は0.3269(最高値=2.119、最低値=0.083、中央値=0.263、値域=0.190)
11時の価格幅は0.3521(最高値=2.125、最低値=0.113、中央値=0.297、値域=0.186)
12時の価格幅は0.3734(最高値=1.505、最低値=0.100、中央値=0.332、値域=0.209)
13時の価格幅は0.4029(最高値=1.505、最低値=0.096、中央値=0.359、値域=0.259)
14時の価格幅は0.3943(最高値=1.505、最低値=0.096、中央値=0.359、値域=0.207)
15時の価格幅は0.3663(最高値=1.515、最低値=0.129、中央値=0.325、値域=0.209)
16時の価格幅は0.4128(最高値=1.316、最低値=0.123、中央値=0.359、値域=0.201)
17時の価格幅は0.4730(最高値=1.520、最低値=0.110、中央値=0.417、値域=0.271)
18時の価格幅は0.5232(最高値=1.779、最低値=0.104、中央値=0.472、値域=0.291)
19時の価格幅は0.5561(最高値=1.986、最低値=0.091、中央値=0.499、値域=0.308)
20時の価格幅は0.4935(最高値=2.016、最低値=0.083、中央値=0.435、値域=0.233)
21時の価格幅は0.4326(最高値=1.246、最低値=0.063、中央値=0.367、値域=0.239)
22時の価格幅は0.3805(最高値=1.126、最低値=0.054、中央値=0.308、値域=0.246)
23時の価格幅は0.3382(最高値=1.228、最低値=0.049、中央値=0.286、値域=0.255)

[取得値詳細]
Index[0]=,0.300,0.759,0.733,0.315,0.197,0.294,0.666,0.747,0.738,0.300,0.362,0.401,0.413,0.755,0.236,0.181,0.386,0.724,0.226,0.313,0.434,0.421,0.389,0.348,0.413,0.401,0.224,0.255,0.325,0.179,0.248,0.421,0.752,0.183,0.536,0.170,0.385,0.184,0.170,0.181,0.147,0.364,0.146,0.185,0.369,0.292,0.223,0.195,0.175,0.260,0.207,0.078,1.800,0.310,0.362,0.206,0.217,0.256,0.445,0.274,0.202,0.283,0.284,0.099,0.088,0.536,0.204,0.495,0.358,0.201,0.219,0.208,0.442,0.440,0.215,0.237,0.190,0.146,0.293,0.230,0.222,0.133,0.506,0.415,0.209,0.119,0.186,0.372,0.131,0.170,0.152,0.211,0.155,0.161,0.190,0.176,0.145,0.559,0.153,0.142,0.094,0.298,0.449,0.485,0.198,0.155,0.294,0.249,0.316,0.189,0.784,0.176,0.193,0.340,0.210,0.193,0.070,1.228,0.248,0.179,0.126,0.239,0.274,0.144,0.164,0.192,0.403,0.159,0.124
Index[1]=,0.318,0.300,0.728,0.680,0.274,0.285,0.260,0.565,0.576,0.587,0.323,0.293,0.219,0.309,0.542,0.152,0.189,0.291,0.724,0.232,0.323,0.569,0.421,0.452,0.301,0.413,0.401,0.247,0.331,0.285,0.197,0.206,0.328,0.752,0.141,0.449,0.225,0.228,0.184,0.127,0.226,0.147,0.226,0.132,0.135,0.320,0.197,0.185,0.181,0.154,0.141,0.085,1.781,0.310,0.242,0.217,0.256,0.292,0.197,0.283,0.214,0.099,0.177,0.436,0.204,0.495,0.208,0.201,0.155,0.202,0.442,0.296,0.271,0.251,0.134,0.153,0.177,0.181,0.118,0.128,0.530,0.415,0.209,0.095,0.143,0.241,0.269,0.151,0.144,0.251,0.113,0.112,0.191,0.090,0.112,0.559,0.153,0.080,0.088,0.197,0.291,0.376,0.198,0.161,0.294,0.246,0.238,0.116,0.482,0.156,0.197,0.277,0.391,0.141,0.069,1.228,0.218,0.403,0.093,0.149,0.107,0.145,1.411,0.170,0.334,0.098,0.097
Index[2]=,0.299,0.438,0.571,0.680,0.262,0.427,0.175,0.421,0.477,0.740,0.312,0.284,0.202,0.259,0.530,0.414,0.100,0.235,0.724,0.216,0.723,0.578,0.195,0.406,0.126,0.410,0.322,0.254,0.285,0.316,0.377,0.142,0.170,0.723,0.164,0.253,0.225,0.227,0.184,0.146,0.213,0.148,0.191,0.102,0.107,0.250,0.179,0.170,0.181,0.154,0.230,0.129,0.082,1.413,0.285,0.425,0.323,0.138,0.234,0.149,0.274,0.191,0.283,0.187,0.099,0.177,0.327,0.153,0.226,0.215,0.206,0.155,0.155,0.344,0.296,0.261,0.145,0.127,0.164,0.187,0.164,0.136,0.094,0.234,0.248,0.196,0.088,0.129,0.218,0.221,0.142,0.090,0.251,0.100,0.082,0.191,0.085,0.112,0.361,0.153,0.106,0.102,0.137,0.267,0.376,0.174,0.111,0.137,0.189,0.196,0.143,0.327,0.146,0.194,0.246,0.321,0.132,0.072,0.323,0.218,0.364,0.086,0.133,0.116,0.088,1.791,0.158,0.264,0.130,0.097
Index[3]=,0.293,0.416,0.522,0.468,0.316,0.541,0.244,0.277,0.334,0.666,0.312,0.323,0.243,0.259,0.453,0.603,0.220,0.235,0.586,0.240,0.662,0.493,0.264,0.406,0.124,0.365,0.293,0.144,0.318,0.316,0.377,0.175,0.170,0.247,0.182,0.240,0.205,0.138,0.074,0.147,0.323,0.162,0.137,0.116,0.137,0.208,0.492,0.355,0.168,0.148,0.157,0.114,0.113,1.004,0.259,0.425,0.229,0.118,0.176,0.149,0.279,0.242,0.211,0.218,0.094,0.216,0.130,0.153,0.104,0.142,0.161,0.132,0.155,0.201,0.177,0.218,0.136,0.151,0.143,0.167,0.147,0.170,0.100,0.204,0.133,0.158,0.086,0.129,0.167,0.197,0.175,0.099,0.251,0.138,0.103,0.191,0.127,0.152,0.173,0.107,0.106,0.158,0.213,0.185,0.348,0.193,0.170,0.196,0.194,0.139,0.143,0.300,0.146,0.306,0.309,0.278,0.102,0.113,0.251,0.193,0.321,0.091,0.106,0.104,0.115,1.791,0.199,0.213,0.215,0.070
Index[4]=,0.618,0.495,0.563,0.410,0.316,0.452,0.679,0.468,0.568,0.565,0.312,0.431,0.322,0.414,0.457,0.567,0.257,0.344,0.409,0.317,0.662,0.470,0.403,0.278,0.187,0.335,0.257,0.201,0.399,0.302,0.377,0.297,0.196,0.212,0.198,0.209,0.220,0.353,0.272,0.288,0.425,0.213,0.253,0.176,0.156,0.253,0.479,0.427,0.221,0.194,0.157,0.198,0.113,0.623,0.160,0.425,0.300,0.120,0.216,0.153,0.301,0.242,0.486,0.225,0.130,0.262,0.183,0.179,0.298,0.183,0.237,0.381,0.296,0.295,0.194,0.245,0.259,0.194,0.231,0.219,0.221,0.170,0.141,0.254,0.333,0.139,0.090,0.181,0.181,0.278,0.175,0.100,0.303,0.228,0.227,0.422,0.132,0.346,0.332,0.152,0.284,0.249,0.197,0.155,0.323,0.281,0.170,0.261,0.191,0.228,0.218,0.263,0.233,0.448,0.233,0.354,0.098,0.118,0.251,0.216,0.319,0.110,0.188,0.104,0.168,1.000,0.313,0.246,0.289,0.288
Index[5]=,0.618,0.480,0.716,0.556,0.405,0.306,0.744,0.468,0.632,0.681,0.691,0.678,0.434,0.357,0.463,0.565,0.306,0.540,0.396,0.456,0.707,0.540,0.546,0.240,0.186,0.323,0.259,0.287,0.456,0.302,0.330,0.297,0.229,0.209,0.201,0.162,0.209,0.365,0.276,0.217,0.323,0.365,0.259,0.224,0.263,0.253,0.559,0.550,0.280,0.187,0.210,0.164,0.109,0.623,0.249,0.274,0.300,0.158,0.290,0.295,0.216,0.379,0.669,0.225,0.148,0.368,0.183,0.194,0.298,0.183,0.237,0.381,0.318,0.396,0.209,0.226,0.321,0.194,0.172,0.219,0.234,0.169,0.141,0.214,0.305,0.139,0.095,0.191,0.228,0.266,0.140,0.119,0.180,0.225,0.344,0.418,0.154,0.394,0.259,0.223,0.275,0.263,0.384,0.283,0.314,0.221,0.160,0.368,0.353,0.211,0.355,0.342,0.233,0.450,0.209,0.352,0.491,0.106,0.430,0.267,0.371,0.288,0.187,0.126,0.265,1.088,0.313,0.246,0.302,0.288
Index[6]=,0.588,0.348,0.663,0.602,0.465,0.384,0.744,0.525,0.631,0.721,0.691,0.667,0.606,0.357,0.578,0.565,0.523,0.540,0.706,0.549,0.782,0.521,0.549,0.329,0.219,0.343,0.259,0.287,0.346,0.291,0.244,0.297,0.470,0.389,0.220,0.162,0.298,0.354,0.272,0.235,0.266,0.630,0.209,0.224,0.263,0.313,0.500,0.589,0.257,0.187,0.198,0.164,0.109,0.623,0.224,0.217,0.276,0.219,0.290,0.346,0.208,0.379,0.669,0.239,0.129,0.368,0.172,0.248,0.310,0.183,0.271,0.363,0.345,0.396,0.245,0.226,0.321,0.194,0.161,0.202,0.234,0.169,0.120,0.295,0.347,0.173,0.095,0.155,0.272,0.282,0.169,0.137,0.180,0.224,0.320,0.418,0.181,0.394,0.230,0.303,0.271,0.248,0.384,0.753,0.263,0.240,0.352,0.378,0.274,0.211,0.376,0.342,0.293,0.413,0.208,0.279,0.491,0.102,0.541,0.267,0.256,0.384,0.187,0.239,0.379,0.750,0.528,0.246,0.252,0.288
Index[7]=,0.620,0.348,0.525,0.661,0.441,0.298,0.599,0.599,0.412,0.721,0.733,0.617,1.088,0.521,0.497,0.454,0.523,0.524,0.538,0.402,0.700,0.459,0.450,0.415,0.267,0.318,0.259,0.332,0.359,0.509,0.397,0.405,0.470,0.389,0.233,0.190,0.270,0.254,0.269,0.228,0.176,0.621,0.190,0.224,0.263,0.516,0.618,0.423,0.255,0.181,0.198,0.221,0.113,0.735,0.211,0.217,0.162,0.266,0.257,0.346,0.208,0.338,0.583,0.239,0.117,0.347,0.218,0.389,0.274,0.183,0.329,0.330,0.233,0.354,0.245,0.223,0.285,0.180,0.191,0.193,0.234,0.169,0.127,0.271,0.277,0.172,0.090,0.157,0.272,0.260,0.219,0.137,0.244,0.208,0.318,0.399,0.181,0.325,0.173,0.328,0.221,0.154,0.352,0.803,0.263,0.251,0.446,0.378,0.272,0.211,0.336,0.342,0.373,0.332,0.189,0.263,0.491,0.114,0.521,0.267,0.256,0.369,0.187,0.366,0.379,0.750,0.528,0.209,0.168,0.327
Index[8]=,0.518,0.360,0.434,0.448,0.545,0.291,0.643,0.572,0.268,0.721,0.554,0.434,0.955,0.521,0.386,0.301,0.459,0.445,0.504,0.361,0.594,0.559,0.279,0.415,0.201,0.202,0.142,0.268,0.359,0.643,0.300,0.334,0.470,0.315,0.217,0.220,0.270,0.151,0.205,0.240,0.118,0.492,0.288,0.164,0.171,0.392,0.618,0.338,0.234,0.196,0.195,0.207,0.113,0.866,0.202,0.353,0.153,0.232,0.495,0.346,0.175,0.294,0.362,0.212,0.132,0.217,0.134,0.548,0.161,0.175,0.348,0.235,0.197,0.528,0.201,0.210,0.186,0.226,0.372,0.191,0.224,0.169,0.104,0.453,0.192,0.167,0.132,0.165,0.211,0.170,0.196,0.137,0.207,0.186,0.182,0.161,0.181,0.197,0.182,0.271,0.105,0.174,0.299,0.803,0.226,0.360,0.462,0.300,0.260,0.123,0.297,0.227,1.844,0.392,0.215,0.175,0.491,0.115,0.393,0.277,0.251,0.341,0.255,0.397,0.361,0.639,0.352,0.159,0.168,0.227
Index[9]=,0.409,0.559,0.362,0.215,0.468,0.403,0.912,0.652,0.268,0.633,0.369,0.293,0.863,0.329,0.473,0.292,0.277,0.210,0.490,0.329,0.364,0.559,0.351,0.415,0.151,0.157,0.133,0.261,0.359,0.582,0.258,0.302,0.431,0.290,0.089,0.215,0.207,0.133,0.141,0.168,0.139,0.373,0.241,0.150,0.135,0.377,0.388,0.225,0.293,0.237,0.208,0.173,0.101,0.551,0.148,0.353,0.260,0.164,0.523,0.326,0.175,0.220,0.517,0.214,0.132,0.208,0.170,0.548,0.203,0.133,0.311,0.303,0.197,0.500,0.201,0.395,0.168,0.276,0.398,0.149,0.224,0.095,0.071,0.447,0.162,0.154,0.162,0.170,0.165,0.146,0.160,0.130,0.207,0.148,0.219,0.168,0.124,0.228,0.196,0.267,0.152,0.186,0.431,0.655,0.291,0.270,0.520,0.294,0.291,0.087,0.247,0.323,2.119,0.344,0.209,0.170,0.138,0.232,0.447,0.363,0.155,0.216,0.270,0.345,0.238,0.868,0.287,0.229,0.168,0.250
Index[10]=,0.334,0.730,0.306,0.283,0.424,0.294,1.040,0.807,0.373,0.856,0.320,0.445,1.121,0.285,0.476,0.507,0.423,0.353,0.425,0.330,0.298,0.559,0.340,0.360,0.177,0.167,0.168,0.198,0.203,0.582,0.249,0.290,0.432,0.229,0.089,0.191,0.242,0.209,0.096,0.168,0.139,0.237,0.248,0.135,0.166,0.240,0.374,0.290,0.457,0.140,0.214,0.226,0.083,0.447,0.163,0.332,0.291,0.196,0.758,0.263,0.130,0.339,0.506,0.252,0.132,0.165,0.170,0.548,0.190,0.120,0.185,0.341,0.214,0.400,0.169,0.385,0.165,0.241,0.330,0.480,0.349,0.116,0.123,0.494,0.206,0.101,0.162,0.333,0.159,0.186,0.122,0.213,0.181,0.331,0.267,0.179,0.085,0.262,0.189,0.198,0.198,0.948,0.384,0.708,0.362,0.298,0.322,0.294,0.544,0.130,0.602,0.415,2.119,0.388,0.241,0.226,0.135,0.191,0.315,0.363,0.238,0.184,0.265,0.239,0.210,0.795,0.254,0.327,0.151,0.159
Index[11]=,0.333,0.639,0.454,0.328,0.381,0.297,0.925,0.807,0.362,0.683,0.293,0.413,0.636,0.430,0.596,0.678,0.498,0.371,0.378,0.354,0.307,0.424,0.511,0.292,0.169,0.239,0.304,0.261,0.236,0.501,0.293,0.211,0.432,0.201,0.114,0.406,0.278,0.236,0.189,0.209,0.164,0.188,0.203,0.137,0.197,0.269,0.248,0.351,0.622,0.246,0.192,0.190,0.142,0.372,0.210,0.318,0.278,0.186,0.803,0.408,0.208,0.339,0.489,0.249,0.113,0.132,0.371,0.456,0.178,0.160,0.315,0.341,0.281,0.349,0.342,0.385,0.276,0.217,0.287,0.453,0.369,0.178,0.161,0.567,0.251,0.208,0.162,0.337,0.222,0.223,0.145,0.346,0.178,0.336,0.255,0.228,0.226,0.249,0.243,0.191,0.198,1.009,0.384,0.642,0.357,0.298,0.359,0.409,0.516,0.360,0.602,0.461,2.125,0.625,0.388,0.292,0.245,0.290,0.357,0.284,0.478,0.233,0.265,0.239,0.175,0.634,0.417,0.296,0.272,0.159
Index[12]=,0.344,0.587,0.454,0.327,0.326,0.706,0.637,0.690,0.410,0.575,0.367,0.546,0.576,0.472,0.610,0.769,0.473,0.445,0.379,0.341,0.319,0.521,0.443,0.291,0.167,0.419,0.342,0.332,1.505,0.509,0.236,0.272,0.432,0.211,0.331,0.471,0.358,0.236,0.314,0.251,0.223,0.285,0.210,0.141,0.201,0.347,0.337,0.330,0.510,0.247,0.194,0.259,0.179,0.372,0.310,0.382,0.278,0.186,0.731,0.409,0.547,0.291,0.589,0.210,0.100,0.108,0.564,0.303,0.178,0.390,0.484,0.308,0.251,0.218,0.342,0.314,0.383,0.245,0.305,0.453,0.369,0.169,0.381,0.567,0.244,0.208,0.277,0.273,0.291,0.247,0.159,0.346,0.199,0.377,0.214,0.228,0.227,0.238,0.314,0.212,0.167,0.973,0.344,0.411,0.357,0.255,0.281,0.552,0.719,0.398,0.602,0.461,0.701,0.512,0.419,0.292,0.245,0.396,0.449,0.284,0.489,0.216,0.328,0.236,0.175,0.752,0.527,0.325,0.262,0.169
Index[13]=,0.381,0.585,0.557,0.281,0.205,1.035,0.637,0.700,1.336,0.516,0.367,0.546,0.602,0.667,0.406,0.808,0.416,0.578,0.379,0.331,0.319,0.545,0.499,0.291,0.167,0.511,0.334,0.340,1.505,0.485,0.213,0.382,0.432,0.321,0.344,0.439,0.478,0.218,0.307,0.240,0.223,0.285,0.314,0.242,0.185,0.402,0.319,0.407,0.362,0.196,0.270,0.259,0.217,0.372,0.525,0.382,0.255,0.167,0.612,0.351,0.636,0.291,0.524,0.228,0.096,0.152,0.531,0.303,0.278,0.390,0.511,0.359,0.305,0.283,0.380,0.381,0.435,0.297,0.282,0.439,0.508,0.190,0.532,0.567,0.198,0.208,0.259,0.239,0.376,0.164,0.159,0.307,0.186,0.402,0.318,0.228,0.257,0.238,0.314,0.212,0.148,0.989,0.547,0.605,0.357,0.255,0.345,0.575,0.621,0.352,0.602,0.555,0.662,0.663,0.397,0.292,0.245,0.439,0.553,0.257,0.476,0.203,0.347,0.479,0.139,0.728,0.544,0.461,0.243,0.290
Index[14]=,0.346,0.524,0.557,0.281,0.314,1.100,0.475,0.700,1.189,0.434,0.367,0.516,0.494,0.634,0.496,0.474,0.396,0.676,0.346,0.387,0.325,0.421,0.455,0.320,0.158,0.512,0.503,0.348,1.505,0.269,0.158,0.467,0.269,0.374,0.330,0.371,0.391,0.217,0.287,0.222,0.223,0.246,0.281,0.428,0.179,0.292,0.471,0.476,0.315,0.196,0.245,0.259,0.232,0.372,0.472,0.359,0.365,0.237,0.435,0.281,0.634,0.342,0.512,0.228,0.096,0.155,0.466,0.320,0.392,0.390,0.511,0.359,0.337,0.551,0.398,0.528,0.435,0.314,0.271,0.430,0.310,0.268,0.486,0.309,0.165,0.201,0.359,0.227,0.446,0.150,0.184,0.263,0.130,0.402,0.529,0.228,0.281,0.207,0.275,0.241,0.225,0.417,0.751,0.569,0.357,0.247,0.406,0.536,0.606,0.360,0.552,0.720,0.885,0.604,0.309,0.286,0.225,0.475,0.558,0.246,0.530,0.203,0.347,0.471,0.151,0.318,0.660,0.461,0.212,0.271
Index[15]=,0.301,0.629,0.508,0.207,0.261,1.026,0.475,0.620,1.515,0.430,0.360,0.759,0.397,0.511,0.727,0.311,0.317,0.601,0.331,0.374,0.325,0.377,0.329,0.226,0.139,0.535,0.419,0.334,1.464,0.220,0.131,0.451,0.280,0.450,0.262,0.375,0.360,0.192,0.139,0.187,0.256,0.211,0.264,0.428,0.180,0.393,0.702,0.369,0.277,0.203,0.224,0.275,0.220,0.369,0.416,0.449,0.325,0.231,0.435,0.248,0.456,0.385,0.468,0.178,0.217,0.144,0.259,0.339,0.411,0.297,0.315,0.567,0.264,0.438,0.358,0.465,0.490,0.263,0.267,0.345,0.310,0.289,0.444,0.230,0.165,0.224,0.375,0.166,0.382,0.224,0.184,0.262,0.147,0.130,0.475,0.129,0.201,0.158,0.275,0.309,0.225,0.388,0.803,0.766,0.265,0.192,0.356,0.398,0.484,0.192,0.336,0.744,0.731,0.392,0.246,0.209,0.130,0.347,0.313,0.208,0.369,0.290,0.268,0.471,0.278,0.318,0.660,0.461,0.177,0.266
Index[16]=,0.389,0.677,0.532,0.221,0.268,0.595,0.437,0.620,1.316,0.452,0.292,0.720,0.496,0.431,0.837,0.311,0.459,0.359,0.475,0.286,0.263,0.261,0.272,0.190,0.139,0.284,0.474,0.334,0.488,0.445,0.128,0.301,0.329,0.418,0.247,0.339,0.285,0.245,0.253,0.169,0.294,0.211,0.170,0.387,0.203,0.410,1.076,0.330,0.608,0.252,0.189,0.280,0.170,0.497,0.372,0.359,0.463,0.436,0.652,0.442,0.305,0.332,0.539,0.374,1.118,0.184,0.426,0.246,0.385,0.258,1.149,0.640,0.295,0.377,0.689,0.344,0.306,0.330,0.183,0.353,0.324,0.311,0.468,0.508,0.228,0.178,0.434,0.348,0.345,0.626,0.135,0.297,0.564,0.251,0.415,0.123,0.471,0.276,0.386,0.795,0.178,0.743,0.744,0.530,0.431,0.301,0.365,0.383,0.376,1.085,0.274,0.481,0.706,0.857,0.259,0.337,0.283,0.240,0.341,0.229,0.369,0.581,0.292,0.441,0.456,0.251,0.583,0.341,0.753,0.301
Index[17]=,0.674,0.643,0.781,0.475,0.972,0.545,0.335,1.096,0.796,0.514,0.307,0.510,0.632,0.636,0.837,0.397,0.734,0.367,0.424,0.450,0.181,0.486,0.370,0.271,1.520,0.213,0.754,0.298,0.654,0.445,0.281,0.251,0.292,0.365,0.385,0.375,0.160,0.256,0.505,0.192,0.213,0.239,0.237,0.443,1.012,0.343,1.076,0.432,0.507,0.275,0.313,0.190,0.133,0.539,0.571,0.388,0.503,0.411,0.797,0.417,0.377,0.233,0.537,0.365,1.226,0.196,0.426,0.246,0.387,0.419,1.075,0.803,0.400,0.337,0.689,0.307,0.524,0.429,0.183,0.547,0.226,0.311,0.468,0.797,0.263,0.182,0.434,0.506,0.328,0.639,0.168,0.301,0.581,0.329,0.318,0.264,0.422,0.327,0.300,0.821,0.110,0.803,0.375,0.435,0.474,0.301,0.813,0.437,0.517,1.211,0.348,0.481,0.706,0.857,0.322,0.359,0.255,0.226,0.301,0.641,0.343,0.580,0.437,0.368,0.572,0.251,0.389,0.318,0.753,0.401
Index[18]=,0.972,0.541,0.551,0.514,0.972,1.032,0.420,1.048,1.013,0.814,0.300,0.464,0.524,0.836,0.694,0.350,0.760,0.268,0.376,0.457,0.187,0.486,0.285,0.259,1.779,0.330,0.699,0.650,0.899,0.409,0.257,0.278,0.273,0.365,0.483,0.328,0.188,0.309,0.516,0.216,0.205,0.516,0.237,0.433,1.193,0.211,0.761,0.387,0.547,0.354,0.252,0.211,0.141,0.406,0.507,0.320,0.541,0.387,0.619,0.444,0.386,0.372,0.776,0.352,1.226,0.182,0.459,0.426,0.508,0.419,1.049,0.991,0.400,0.472,0.610,0.391,0.524,0.473,0.453,0.591,0.304,0.357,0.572,0.877,0.521,0.224,0.553,0.641,0.434,0.639,0.168,0.274,0.681,0.329,0.735,0.251,0.669,0.486,0.272,0.717,0.104,0.836,0.404,0.414,0.425,0.674,1.064,0.671,0.522,1.211,0.351,0.557,0.721,0.857,0.560,0.359,0.266,0.463,0.618,0.641,0.343,0.525,0.558,0.322,0.586,0.375,0.526,0.359,0.767,0.403
Index[19]=,0.912,0.776,0.617,0.514,1.041,1.042,0.420,0.970,1.013,1.420,0.310,0.464,0.604,0.836,0.703,0.350,0.760,0.232,0.363,0.457,0.553,0.486,0.285,0.259,1.986,0.316,0.668,0.780,0.875,0.612,0.231,0.435,0.319,0.365,0.572,0.295,0.758,0.309,0.658,0.289,0.485,0.510,0.290,0.433,1.373,0.399,0.530,0.387,0.623,0.403,0.250,0.215,0.411,0.336,0.801,0.320,0.761,0.376,0.601,0.322,0.313,0.372,0.776,0.325,1.226,0.182,0.426,0.426,0.555,0.419,0.876,0.900,0.499,0.446,0.609,0.391,0.500,0.430,0.505,0.666,0.379,0.357,0.572,1.084,0.545,0.216,0.778,0.634,0.641,0.639,0.271,0.364,0.704,0.392,0.735,0.222,0.599,0.654,0.259,0.717,0.091,0.774,0.430,0.387,0.460,0.821,1.028,0.671,0.640,1.192,0.425,0.419,0.457,0.857,0.633,0.243,0.199,0.443,0.618,0.641,0.314,0.544,0.558,0.322,0.374,0.499,0.528,0.343,0.767,0.325
Index[20]=,0.805,0.997,0.489,0.452,1.356,0.992,0.652,0.855,1.013,1.429,0.310,0.501,0.735,0.836,0.666,0.350,0.491,0.264,0.590,0.549,0.553,0.486,0.286,0.191,2.016,0.295,0.543,0.710,1.320,0.481,0.222,0.435,0.289,0.380,0.572,0.263,0.843,0.257,0.649,0.487,0.454,0.413,0.323,0.433,1.373,0.529,0.439,0.321,0.467,0.431,0.250,0.199,0.411,0.269,0.914,0.320,0.619,0.366,0.339,0.343,0.322,0.372,0.499,0.238,0.319,0.269,0.306,0.376,0.460,0.260,0.508,0.531,0.423,0.410,0.325,0.418,0.403,0.309,0.471,0.435,0.532,0.331,0.630,0.602,0.512,0.218,0.686,0.480,0.566,0.301,0.309,0.364,0.323,0.392,0.689,0.215,0.346,0.568,0.259,0.234,0.083,0.447,0.437,0.699,0.460,1.020,0.949,0.616,0.391,0.487,0.425,0.366,0.391,0.263,0.633,0.236,0.184,0.333,0.503,0.475,0.371,0.544,0.376,0.280,0.234,0.531,0.525,0.343,0.226,0.291
Index[21]=,0.463,1.143,0.352,0.346,1.246,0.736,0.920,0.887,0.775,1.156,0.206,0.472,0.991,0.907,0.405,0.350,0.558,0.264,0.652,0.450,0.512,0.475,0.286,0.269,0.626,0.224,0.394,0.695,1.002,0.481,0.256,0.399,0.268,0.346,0.581,0.180,1.016,0.257,0.445,0.533,0.454,0.357,0.305,0.306,0.536,0.520,0.345,0.301,0.348,0.431,0.231,0.174,0.385,0.287,0.820,0.260,0.409,0.295,0.497,0.343,0.322,0.372,0.348,0.157,0.196,0.328,0.302,0.262,0.428,0.240,0.343,0.332,0.588,0.479,0.292,0.358,0.346,0.251,0.487,0.376,0.505,0.218,0.425,0.473,0.512,0.218,0.686,0.427,0.547,0.236,0.277,0.264,0.254,0.367,0.434,0.246,0.346,0.393,0.289,0.240,0.063,0.480,0.587,0.834,0.460,0.918,0.508,0.416,0.344,0.347,0.684,0.308,0.318,0.184,0.496,0.211,0.184,0.250,0.446,0.211,0.291,0.516,0.616,0.223,0.203,0.549,0.492,0.343,0.226,0.233
Index[22]=,0.418,1.012,0.433,0.278,0.756,0.559,1.084,0.681,0.859,0.637,0.163,0.565,0.879,1.001,0.405,0.253,0.662,0.245,0.663,0.378,0.424,0.485,0.317,0.348,0.425,0.217,0.262,0.299,0.765,0.372,0.248,0.559,0.268,0.238,0.722,0.143,1.053,0.199,0.365,0.469,0.388,0.249,0.166,0.251,0.606,0.414,0.345,0.187,0.274,0.226,0.253,0.140,0.771,0.315,0.750,0.253,0.417,0.336,0.525,0.199,0.282,0.190,0.219,0.113,0.169,0.424,0.183,0.495,0.422,0.157,0.408,0.333,0.556,0.496,0.344,0.233,0.301,0.166,0.303,0.230,0.300,0.174,0.506,0.505,0.198,0.201,0.306,0.392,0.377,0.198,0.214,0.216,0.131,0.242,0.190,0.205,0.210,0.559,0.225,0.202,0.054,0.261,0.387,0.695,0.237,0.436,0.383,0.363,0.460,0.233,0.905,0.308,0.280,0.286,0.405,0.172,0.134,1.126,0.351,0.226,0.216,0.346,0.593,0.223,0.198,0.285,0.492,0.291,0.148,0.228
Index[23]=,0.358,0.753,0.733,0.315,0.451,0.559,0.995,0.701,0.762,0.401,0.362,0.614,0.618,0.650,0.267,0.213,0.521,0.525,0.536,0.357,0.373,0.403,0.380,0.348,0.246,0.401,0.204,0.299,0.504,0.179,0.248,0.461,0.730,0.217,0.433,0.114,0.481,0.154,0.225,0.272,0.122,0.318,0.158,0.185,0.550,0.286,0.240,0.195,0.197,0.300,0.213,0.135,1.041,0.196,0.391,0.276,0.361,0.307,0.525,0.284,0.255,0.183,0.226,0.098,0.100,0.627,0.168,0.495,0.445,0.171,0.310,0.183,0.472,0.487,0.322,0.219,0.291,0.134,0.293,0.230,0.241,0.159,0.506,0.618,0.146,0.201,0.186,0.392,0.159,0.170,0.152,0.211,0.129,0.161,0.190,0.225,0.224,0.559,0.153,0.161,0.049,0.254,0.345,0.637,0.199,0.273,0.331,0.363,0.376,0.188,0.849,0.303,0.280,0.298,0.320,0.193,0.072,1.228,0.323,0.167,0.144,0.311,0.485,0.151,0.224,0.192,0.464,0.170,0.146
