 0時の価格幅は0.1988(最高値=1.413、最低値=0.057、中央値=0.155、値域=0.107)
 1時の価格幅は0.1792(最高値=1.406、最低値=0.057、中央値=0.135、値域=0.119)
 2時の価格幅は0.1658(最高値=0.674、最低値=0.040、中央値=0.136、値域=0.091)
 3時の価格幅は0.1677(最高値=0.632、最低値=0.040、中央値=0.137、値域=0.102)
 4時の価格幅は0.2380(最高値=0.679、最低値=0.069、中央値=0.214、値域=0.131)
 5時の価格幅は0.2680(最高値=0.750、最低値=0.068、中央値=0.234、値域=0.156)
 6時の価格幅は0.2351(最高値=0.753、最低値=0.061、中央値=0.194、値域=0.160)
 7時の価格幅は0.2016(最高値=0.863、最低値=0.052、中央値=0.166、値域=0.139)
 8時の価格幅は0.2103(最高値=1.844、最低値=0.046、中央値=0.172、値域=0.121)
 9時の価格幅は0.2215(最高値=2.083、最低値=0.058、中央値=0.170、値域=0.126)
10時の価格幅は0.2378(最高値=0.852、最低値=0.063、中央値=0.198、値域=0.130)
11時の価格幅は0.2753(最高値=0.864、最低値=0.079、中央値=0.235、値域=0.168)
12時の価格幅は0.2931(最高値=1.505、最低値=0.069、中央値=0.259、値域=0.161)
13時の価格幅は0.2868(最高値=1.464、最低値=0.096、中央値=0.252、値域=0.165)
14時の価格幅は0.2468(最高値=0.990、最低値=0.050、中央値=0.219、値域=0.134)
15時の価格幅は0.2221(最高値=0.754、最低値=0.078、中央値=0.196、値域=0.113)
16時の価格幅は0.3163(最高値=1.118、最低値=0.087、中央値=0.260、値域=0.186)
17時の価格幅は0.4011(最高値=1.520、最低値=0.091、中央値=0.325、値域=0.266)
18時の価格幅は0.3898(最高値=1.779、最低値=0.083、中央値=0.343、値域=0.186)
19時の価格幅は0.3528(最高値=1.147、最低値=0.063、中央値=0.343、値域=0.171)
20時の価格幅は0.2818(最高値=0.866、最低値=0.047、中央値=0.237、値域=0.157)
21時の価格幅は0.2440(最高値=0.753、最低値=0.041、中央値=0.206、値域=0.132)
22時の価格幅は0.2380(最高値=1.126、最低値=0.041、中央値=0.191、値域=0.153)
23時の価格幅は0.2256(最高値=1.228、最低値=0.043、中央値=0.172、値域=0.128)

[取得値詳細]
Index[0]=,0.205,0.571,0.680,0.182,0.167,0.160,0.413,0.477,0.367,0.215,0.266,0.191,0.244,0.438,0.152,0.067,0.232,0.724,0.203,0.313,0.423,0.195,0.215,0.126,0.410,0.322,0.224,0.199,0.128,0.118,0.117,0.097,0.723,0.057,0.253,0.170,0.172,0.184,0.125,0.115,0.147,0.184,0.102,0.104,0.158,0.114,0.155,0.181,0.154,0.147,0.127,0.071,1.413,0.285,0.335,0.206,0.138,0.234,0.138,0.274,0.133,0.283,0.187,0.099,0.076,0.327,0.153,0.214,0.207,0.201,0.155,0.128,0.344,0.296,0.205,0.111,0.107,0.101,0.120,0.164,0.103,0.091,0.135,0.215,0.196,0.085,0.093,0.198,0.083,0.116,0.090,0.133,0.100,0.071,0.180,0.085,0.078,0.353,0.153,0.062,0.063,0.137,0.267,0.233,0.104,0.087,0.137,0.189,0.123,0.116,0.327,0.079,0.168,0.143,0.140,0.066,0.062,0.267,0.218,0.140,0.086,0.133,0.077,0.065,0.141,0.158,0.219,0.070,0.092
Index[1]=,0.223,0.183,0.522,0.313,0.113,0.285,0.149,0.269,0.186,0.417,0.294,0.267,0.191,0.259,0.304,0.137,0.071,0.235,0.586,0.169,0.262,0.473,0.195,0.406,0.099,0.365,0.293,0.122,0.261,0.266,0.167,0.122,0.125,0.247,0.110,0.240,0.167,0.135,0.074,0.127,0.186,0.089,0.076,0.087,0.064,0.186,0.108,0.155,0.168,0.125,0.114,0.082,0.956,0.237,0.123,0.092,0.128,0.098,0.191,0.211,0.141,0.087,0.177,0.129,0.153,0.104,0.135,0.156,0.127,0.155,0.201,0.177,0.218,0.090,0.107,0.087,0.111,0.147,0.102,0.079,0.189,0.061,0.154,0.083,0.083,0.085,0.197,0.093,0.073,0.251,0.084,0.073,0.191,0.057,0.109,0.173,0.107,0.075,0.067,0.113,0.185,0.209,0.070,0.084,0.132,0.122,0.134,0.116,0.270,0.098,0.172,0.200,0.278,0.102,0.062,0.117,0.090,0.321,0.064,0.074,0.072,0.057,1.406,0.088,0.213,0.059,0.058
Index[2]=,0.284,0.396,0.372,0.282,0.262,0.338,0.140,0.153,0.261,0.565,0.312,0.187,0.191,0.239,0.330,0.378,0.100,0.214,0.272,0.112,0.662,0.239,0.182,0.260,0.104,0.335,0.111,0.100,0.255,0.273,0.377,0.115,0.141,0.179,0.164,0.165,0.114,0.138,0.060,0.142,0.213,0.065,0.102,0.083,0.089,0.208,0.166,0.137,0.132,0.126,0.131,0.114,0.082,0.266,0.100,0.425,0.182,0.068,0.096,0.136,0.238,0.191,0.150,0.117,0.080,0.119,0.088,0.108,0.066,0.099,0.144,0.095,0.083,0.144,0.134,0.176,0.115,0.127,0.142,0.135,0.091,0.136,0.069,0.136,0.132,0.089,0.086,0.119,0.105,0.180,0.142,0.071,0.251,0.076,0.073,0.168,0.052,0.103,0.158,0.085,0.106,0.102,0.104,0.120,0.278,0.153,0.075,0.098,0.122,0.126,0.140,0.146,0.146,0.180,0.170,0.200,0.081,0.070,0.173,0.076,0.221,0.049,0.040,0.101,0.088,0.674,0.079,0.172,0.110,0.058
Index[3]=,0.284,0.381,0.405,0.202,0.316,0.306,0.192,0.272,0.334,0.513,0.226,0.259,0.214,0.186,0.406,0.471,0.220,0.160,0.259,0.240,0.313,0.173,0.250,0.170,0.091,0.204,0.113,0.144,0.312,0.302,0.330,0.108,0.096,0.167,0.143,0.089,0.168,0.131,0.057,0.072,0.221,0.136,0.137,0.104,0.119,0.174,0.430,0.355,0.111,0.108,0.136,0.050,0.077,0.279,0.160,0.274,0.229,0.103,0.109,0.146,0.158,0.169,0.121,0.158,0.089,0.158,0.087,0.105,0.091,0.069,0.150,0.130,0.126,0.116,0.112,0.186,0.121,0.151,0.083,0.091,0.090,0.120,0.087,0.150,0.104,0.102,0.065,0.089,0.167,0.082,0.101,0.073,0.062,0.135,0.094,0.090,0.120,0.119,0.100,0.071,0.097,0.134,0.160,0.089,0.255,0.133,0.160,0.162,0.156,0.089,0.128,0.109,0.112,0.202,0.209,0.140,0.040,0.099,0.197,0.174,0.247,0.076,0.094,0.104,0.112,0.632,0.146,0.083,0.171,0.057
Index[4]=,0.588,0.348,0.349,0.323,0.146,0.252,0.679,0.446,0.494,0.380,0.275,0.286,0.227,0.357,0.457,0.565,0.252,0.344,0.396,0.317,0.435,0.451,0.396,0.183,0.171,0.230,0.257,0.158,0.252,0.291,0.231,0.297,0.196,0.162,0.106,0.162,0.134,0.336,0.268,0.205,0.266,0.213,0.203,0.176,0.156,0.160,0.357,0.427,0.198,0.176,0.124,0.164,0.080,0.623,0.135,0.214,0.276,0.103,0.216,0.136,0.155,0.150,0.433,0.225,0.107,0.262,0.172,0.172,0.298,0.183,0.140,0.312,0.261,0.295,0.194,0.226,0.244,0.194,0.161,0.202,0.221,0.121,0.097,0.144,0.305,0.101,0.069,0.105,0.154,0.180,0.137,0.100,0.180,0.224,0.194,0.344,0.110,0.346,0.230,0.152,0.271,0.210,0.167,0.154,0.185,0.215,0.145,0.261,0.112,0.211,0.206,0.169,0.233,0.289,0.198,0.221,0.096,0.091,0.248,0.216,0.163,0.094,0.166,0.080,0.112,0.662,0.313,0.246,0.214,0.288
Index[5]=,0.445,0.348,0.364,0.556,0.381,0.204,0.599,0.434,0.339,0.538,0.691,0.547,0.368,0.343,0.382,0.454,0.306,0.524,0.228,0.289,0.464,0.459,0.447,0.240,0.175,0.276,0.259,0.287,0.225,0.194,0.231,0.285,0.229,0.209,0.201,0.162,0.112,0.248,0.269,0.198,0.176,0.313,0.190,0.224,0.263,0.220,0.336,0.384,0.255,0.157,0.198,0.148,0.109,0.465,0.211,0.179,0.162,0.158,0.234,0.295,0.196,0.338,0.583,0.225,0.117,0.347,0.172,0.168,0.262,0.183,0.163,0.279,0.184,0.352,0.209,0.218,0.285,0.180,0.160,0.178,0.234,0.169,0.110,0.134,0.235,0.068,0.090,0.155,0.228,0.244,0.140,0.119,0.166,0.192,0.318,0.399,0.122,0.325,0.173,0.223,0.221,0.140,0.352,0.277,0.231,0.192,0.103,0.368,0.272,0.211,0.303,0.342,0.233,0.300,0.189,0.263,0.491,0.097,0.404,0.267,0.256,0.257,0.187,0.124,0.212,0.750,0.313,0.209,0.164,0.282
Index[6]=,0.299,0.286,0.434,0.389,0.405,0.261,0.308,0.411,0.244,0.721,0.512,0.434,0.473,0.328,0.316,0.253,0.452,0.445,0.504,0.341,0.513,0.158,0.279,0.259,0.138,0.202,0.142,0.181,0.228,0.166,0.134,0.157,0.470,0.315,0.204,0.109,0.250,0.151,0.205,0.178,0.112,0.449,0.137,0.121,0.171,0.189,0.350,0.282,0.179,0.133,0.195,0.103,0.103,0.555,0.202,0.202,0.115,0.185,0.133,0.346,0.170,0.294,0.310,0.140,0.096,0.147,0.075,0.152,0.161,0.175,0.211,0.235,0.160,0.354,0.183,0.124,0.186,0.117,0.103,0.124,0.150,0.169,0.097,0.242,0.192,0.135,0.061,0.140,0.211,0.170,0.146,0.137,0.116,0.125,0.149,0.146,0.181,0.184,0.143,0.194,0.084,0.108,0.299,0.753,0.226,0.197,0.352,0.300,0.260,0.123,0.297,0.227,0.201,0.332,0.116,0.112,0.491,0.094,0.354,0.166,0.229,0.296,0.111,0.239,0.361,0.312,0.352,0.159,0.125,0.169
Index[7]=,0.365,0.274,0.279,0.215,0.222,0.291,0.257,0.325,0.268,0.440,0.369,0.265,0.863,0.329,0.302,0.292,0.270,0.181,0.328,0.157,0.364,0.246,0.155,0.415,0.147,0.119,0.089,0.219,0.359,0.448,0.258,0.300,0.431,0.203,0.089,0.130,0.207,0.133,0.141,0.106,0.114,0.373,0.120,0.071,0.113,0.377,0.388,0.162,0.091,0.157,0.146,0.173,0.069,0.341,0.148,0.138,0.104,0.164,0.118,0.158,0.175,0.198,0.165,0.212,0.058,0.194,0.131,0.320,0.113,0.102,0.232,0.166,0.176,0.241,0.201,0.145,0.117,0.091,0.165,0.149,0.094,0.095,0.071,0.236,0.120,0.154,0.080,0.103,0.160,0.125,0.134,0.052,0.194,0.114,0.123,0.120,0.103,0.124,0.140,0.215,0.086,0.099,0.196,0.615,0.171,0.100,0.446,0.225,0.125,0.087,0.168,0.151,0.264,0.250,0.109,0.104,0.138,0.114,0.242,0.189,0.124,0.171,0.103,0.314,0.238,0.341,0.287,0.096,0.168,0.204
Index[8]=,0.334,0.293,0.216,0.203,0.318,0.182,0.573,0.301,0.192,0.506,0.263,0.191,0.759,0.285,0.301,0.172,0.222,0.210,0.137,0.232,0.204,0.559,0.222,0.274,0.125,0.148,0.078,0.186,0.174,0.582,0.249,0.290,0.247,0.142,0.089,0.187,0.097,0.094,0.093,0.168,0.063,0.215,0.206,0.126,0.135,0.240,0.374,0.151,0.213,0.099,0.100,0.173,0.046,0.395,0.094,0.332,0.139,0.093,0.424,0.233,0.122,0.216,0.265,0.127,0.132,0.165,0.127,0.548,0.116,0.082,0.185,0.151,0.154,0.293,0.131,0.141,0.090,0.175,0.304,0.130,0.202,0.091,0.050,0.447,0.116,0.099,0.132,0.100,0.141,0.134,0.096,0.050,0.181,0.147,0.084,0.084,0.051,0.152,0.175,0.159,0.089,0.115,0.138,0.426,0.148,0.223,0.225,0.225,0.111,0.075,0.100,0.172,1.844,0.301,0.180,0.123,0.086,0.060,0.143,0.241,0.131,0.175,0.237,0.187,0.173,0.564,0.238,0.111,0.089,0.113
Index[9]=,0.289,0.406,0.292,0.161,0.381,0.218,0.778,0.553,0.198,0.333,0.293,0.224,0.261,0.223,0.353,0.195,0.222,0.165,0.357,0.329,0.246,0.355,0.293,0.176,0.117,0.122,0.112,0.147,0.127,0.223,0.162,0.168,0.157,0.142,0.065,0.130,0.108,0.097,0.068,0.168,0.136,0.166,0.153,0.112,0.115,0.145,0.248,0.225,0.290,0.126,0.186,0.074,0.078,0.250,0.096,0.245,0.233,0.097,0.490,0.258,0.103,0.197,0.489,0.188,0.085,0.132,0.161,0.453,0.148,0.090,0.117,0.303,0.132,0.289,0.089,0.326,0.165,0.217,0.287,0.114,0.173,0.082,0.058,0.414,0.162,0.084,0.162,0.159,0.117,0.133,0.119,0.124,0.132,0.122,0.207,0.168,0.085,0.170,0.173,0.119,0.152,0.150,0.384,0.589,0.232,0.270,0.250,0.237,0.249,0.083,0.105,0.323,2.083,0.335,0.180,0.170,0.106,0.170,0.290,0.235,0.119,0.180,0.209,0.127,0.138,0.611,0.162,0.192,0.124,0.159
Index[10]=,0.251,0.587,0.298,0.264,0.309,0.206,0.587,0.535,0.252,0.575,0.200,0.304,0.576,0.256,0.476,0.434,0.398,0.322,0.343,0.233,0.135,0.281,0.162,0.262,0.160,0.120,0.137,0.184,0.201,0.279,0.159,0.158,0.432,0.124,0.063,0.130,0.242,0.209,0.070,0.149,0.136,0.188,0.203,0.101,0.121,0.128,0.221,0.233,0.329,0.135,0.175,0.177,0.083,0.183,0.163,0.173,0.193,0.186,0.473,0.152,0.087,0.273,0.278,0.187,0.078,0.105,0.125,0.198,0.178,0.093,0.160,0.308,0.184,0.165,0.169,0.276,0.124,0.171,0.244,0.453,0.322,0.102,0.123,0.349,0.199,0.101,0.133,0.269,0.135,0.171,0.088,0.213,0.112,0.306,0.214,0.179,0.085,0.219,0.148,0.158,0.167,0.852,0.339,0.411,0.248,0.211,0.211,0.198,0.500,0.130,0.602,0.403,0.659,0.198,0.174,0.226,0.097,0.136,0.249,0.174,0.238,0.167,0.265,0.236,0.175,0.604,0.223,0.280,0.114,0.128
Index[11]=,0.201,0.516,0.454,0.259,0.171,0.285,0.629,0.501,0.362,0.406,0.213,0.389,0.546,0.430,0.392,0.604,0.416,0.371,0.239,0.170,0.178,0.367,0.308,0.288,0.149,0.219,0.244,0.261,0.236,0.426,0.213,0.131,0.432,0.144,0.109,0.374,0.199,0.218,0.182,0.154,0.164,0.174,0.203,0.134,0.136,0.244,0.203,0.220,0.349,0.191,0.135,0.183,0.142,0.308,0.210,0.297,0.163,0.157,0.399,0.350,0.204,0.291,0.172,0.184,0.079,0.088,0.338,0.260,0.162,0.160,0.315,0.251,0.213,0.203,0.342,0.207,0.218,0.196,0.148,0.400,0.369,0.169,0.161,0.567,0.198,0.208,0.112,0.239,0.201,0.125,0.114,0.307,0.131,0.336,0.186,0.228,0.226,0.218,0.218,0.191,0.125,0.864,0.238,0.362,0.307,0.235,0.281,0.373,0.402,0.312,0.602,0.461,0.662,0.433,0.299,0.292,0.245,0.211,0.315,0.257,0.461,0.201,0.225,0.236,0.130,0.610,0.417,0.180,0.221,0.150
Index[12]=,0.215,0.486,0.334,0.264,0.205,0.590,0.458,0.656,0.263,0.324,0.367,0.516,0.447,0.379,0.299,0.418,0.368,0.445,0.346,0.254,0.319,0.307,0.365,0.256,0.158,0.419,0.254,0.242,1.505,0.269,0.156,0.258,0.211,0.211,0.312,0.371,0.166,0.217,0.287,0.151,0.223,0.245,0.177,0.093,0.141,0.226,0.319,0.330,0.315,0.163,0.169,0.259,0.137,0.372,0.242,0.272,0.248,0.160,0.396,0.281,0.541,0.193,0.512,0.156,0.094,0.069,0.466,0.303,0.161,0.390,0.484,0.196,0.213,0.218,0.245,0.291,0.332,0.245,0.182,0.346,0.147,0.169,0.320,0.309,0.135,0.154,0.238,0.193,0.243,0.144,0.142,0.186,0.130,0.377,0.166,0.228,0.227,0.196,0.263,0.212,0.093,0.352,0.185,0.371,0.357,0.247,0.203,0.383,0.606,0.324,0.552,0.351,0.662,0.451,0.309,0.246,0.225,0.365,0.448,0.246,0.330,0.203,0.288,0.094,0.115,0.318,0.506,0.266,0.212,0.144
Index[13]=,0.296,0.524,0.508,0.189,0.152,0.857,0.453,0.543,1.189,0.412,0.303,0.392,0.259,0.451,0.376,0.311,0.317,0.503,0.268,0.310,0.286,0.314,0.329,0.149,0.139,0.487,0.173,0.187,1.464,0.171,0.131,0.341,0.154,0.321,0.262,0.199,0.334,0.192,0.139,0.152,0.182,0.155,0.264,0.242,0.158,0.223,0.293,0.300,0.256,0.196,0.224,0.220,0.136,0.273,0.401,0.264,0.190,0.098,0.340,0.216,0.456,0.210,0.468,0.178,0.096,0.141,0.259,0.242,0.278,0.297,0.224,0.359,0.232,0.170,0.243,0.238,0.435,0.226,0.243,0.345,0.310,0.171,0.429,0.227,0.150,0.151,0.201,0.166,0.285,0.116,0.141,0.173,0.108,0.130,0.264,0.129,0.142,0.122,0.170,0.128,0.142,0.378,0.478,0.569,0.210,0.192,0.295,0.304,0.484,0.135,0.336,0.538,0.362,0.392,0.174,0.130,0.127,0.311,0.308,0.208,0.160,0.202,0.252,0.471,0.139,0.318,0.544,0.461,0.177,0.266
Index[14]=,0.262,0.294,0.505,0.207,0.261,0.595,0.437,0.620,0.990,0.325,0.180,0.444,0.239,0.290,0.458,0.311,0.236,0.287,0.242,0.192,0.263,0.261,0.219,0.177,0.137,0.237,0.383,0.285,0.410,0.178,0.128,0.290,0.235,0.267,0.170,0.251,0.285,0.164,0.122,0.169,0.176,0.156,0.143,0.369,0.129,0.235,0.471,0.330,0.228,0.135,0.150,0.158,0.143,0.268,0.278,0.269,0.236,0.160,0.389,0.184,0.186,0.244,0.255,0.160,0.068,0.093,0.128,0.201,0.309,0.145,0.219,0.250,0.221,0.377,0.344,0.287,0.251,0.124,0.159,0.132,0.310,0.179,0.205,0.142,0.165,0.149,0.177,0.166,0.345,0.137,0.097,0.193,0.050,0.122,0.413,0.095,0.125,0.152,0.259,0.141,0.178,0.301,0.653,0.333,0.202,0.112,0.327,0.194,0.194,0.113,0.146,0.377,0.697,0.242,0.153,0.188,0.100,0.175,0.266,0.187,0.356,0.147,0.268,0.413,0.129,0.176,0.572,0.209,0.116,0.168
Index[15]=,0.261,0.595,0.435,0.139,0.170,0.182,0.278,0.373,0.754,0.379,0.279,0.482,0.352,0.220,0.727,0.195,0.225,0.305,0.258,0.198,0.179,0.209,0.234,0.162,0.078,0.212,0.260,0.198,0.263,0.154,0.094,0.171,0.211,0.197,0.153,0.281,0.108,0.138,0.111,0.161,0.168,0.197,0.119,0.240,0.080,0.326,0.702,0.231,0.176,0.142,0.161,0.089,0.133,0.261,0.215,0.278,0.256,0.191,0.316,0.169,0.150,0.203,0.184,0.113,0.196,0.130,0.206,0.218,0.183,0.244,0.241,0.502,0.231,0.337,0.203,0.307,0.155,0.263,0.183,0.119,0.179,0.206,0.138,0.145,0.128,0.123,0.220,0.112,0.186,0.224,0.083,0.177,0.112,0.085,0.269,0.080,0.110,0.158,0.167,0.293,0.110,0.214,0.352,0.390,0.257,0.144,0.170,0.147,0.158,0.192,0.102,0.282,0.644,0.194,0.222,0.140,0.102,0.136,0.174,0.109,0.258,0.240,0.253,0.340,0.256,0.188,0.297,0.177,0.113,0.112
Index[16]=,0.389,0.428,0.216,0.172,0.130,0.260,0.263,0.325,0.593,0.374,0.182,0.395,0.289,0.313,0.586,0.215,0.312,0.255,0.376,0.286,0.166,0.217,0.149,0.150,0.101,0.213,0.230,0.298,0.192,0.409,0.093,0.203,0.191,0.285,0.247,0.164,0.141,0.171,0.213,0.124,0.166,0.143,0.148,0.087,0.153,0.201,0.761,0.152,0.470,0.252,0.102,0.163,0.093,0.364,0.257,0.187,0.463,0.387,0.401,0.362,0.261,0.175,0.435,0.352,1.118,0.170,0.398,0.246,0.233,0.227,1.049,0.640,0.230,0.254,0.610,0.173,0.150,0.250,0.177,0.340,0.154,0.311,0.446,0.508,0.205,0.178,0.434,0.330,0.316,0.626,0.117,0.229,0.524,0.230,0.239,0.110,0.421,0.276,0.262,0.691,0.103,0.743,0.265,0.350,0.302,0.301,0.353,0.336,0.340,1.085,0.231,0.481,0.626,0.857,0.248,0.337,0.252,0.201,0.301,0.214,0.343,0.476,0.190,0.210,0.454,0.251,0.267,0.271,0.753,0.250
Index[17]=,0.528,0.487,0.516,0.475,0.972,0.483,0.320,0.970,0.705,0.514,0.196,0.308,0.360,0.636,0.491,0.335,0.673,0.211,0.312,0.450,0.144,0.486,0.285,0.259,1.520,0.199,0.630,0.199,0.618,0.325,0.231,0.151,0.273,0.365,0.385,0.225,0.123,0.223,0.452,0.178,0.205,0.233,0.237,0.256,1.012,0.211,0.530,0.387,0.485,0.275,0.229,0.167,0.095,0.336,0.414,0.301,0.503,0.256,0.601,0.262,0.286,0.218,0.513,0.325,1.226,0.182,0.260,0.246,0.387,0.419,0.876,0.658,0.400,0.228,0.609,0.164,0.500,0.241,0.168,0.502,0.144,0.187,0.446,0.797,0.263,0.174,0.434,0.499,0.272,0.639,0.168,0.188,0.509,0.294,0.318,0.222,0.337,0.327,0.233,0.717,0.091,0.741,0.333,0.365,0.354,0.268,0.765,0.437,0.466,1.192,0.305,0.325,0.362,0.857,0.293,0.243,0.185,0.206,0.301,0.641,0.293,0.468,0.350,0.322,0.319,0.196,0.389,0.210,0.753,0.323
Index[18]=,0.719,0.347,0.404,0.452,0.972,0.956,0.420,0.827,1.013,0.814,0.286,0.447,0.412,0.836,0.562,0.350,0.491,0.217,0.314,0.457,0.187,0.486,0.264,0.187,1.779,0.295,0.543,0.569,0.854,0.214,0.222,0.278,0.225,0.239,0.290,0.263,0.172,0.171,0.494,0.216,0.163,0.413,0.237,0.433,1.193,0.207,0.439,0.319,0.326,0.354,0.250,0.160,0.141,0.269,0.387,0.320,0.399,0.366,0.299,0.262,0.228,0.372,0.499,0.238,0.226,0.172,0.201,0.376,0.400,0.260,0.445,0.477,0.296,0.410,0.325,0.377,0.403,0.244,0.407,0.315,0.304,0.331,0.482,0.395,0.474,0.151,0.461,0.480,0.260,0.301,0.136,0.274,0.265,0.281,0.689,0.215,0.331,0.400,0.259,0.234,0.083,0.300,0.404,0.387,0.425,0.637,0.949,0.616,0.222,0.487,0.351,0.348,0.391,0.263,0.539,0.202,0.178,0.333,0.439,0.475,0.270,0.388,0.375,0.260,0.195,0.331,0.417,0.343,0.196,0.291
Index[19]=,0.463,0.582,0.352,0.346,0.931,0.701,0.382,0.708,0.645,1.147,0.206,0.370,0.604,0.694,0.401,0.334,0.367,0.232,0.298,0.358,0.512,0.223,0.224,0.150,0.559,0.224,0.394,0.684,0.548,0.481,0.123,0.399,0.250,0.279,0.572,0.180,0.758,0.257,0.347,0.280,0.443,0.346,0.268,0.284,0.536,0.363,0.343,0.298,0.214,0.403,0.178,0.109,0.385,0.200,0.476,0.260,0.409,0.295,0.243,0.322,0.228,0.372,0.348,0.156,0.127,0.158,0.302,0.262,0.258,0.238,0.304,0.315,0.268,0.355,0.218,0.278,0.346,0.251,0.391,0.376,0.352,0.218,0.266,0.473,0.498,0.216,0.686,0.298,0.466,0.187,0.239,0.264,0.254,0.367,0.434,0.144,0.346,0.393,0.259,0.171,0.063,0.447,0.393,0.387,0.460,0.682,0.508,0.247,0.344,0.347,0.425,0.284,0.301,0.184,0.496,0.211,0.184,0.250,0.382,0.211,0.225,0.516,0.307,0.210,0.203,0.499,0.386,0.343,0.189,0.164
Index[20]=,0.405,0.866,0.352,0.215,0.756,0.472,0.560,0.462,0.600,0.637,0.137,0.308,0.623,0.716,0.323,0.253,0.421,0.242,0.590,0.378,0.388,0.295,0.262,0.150,0.375,0.208,0.262,0.236,0.765,0.372,0.110,0.251,0.268,0.238,0.561,0.143,0.843,0.199,0.267,0.414,0.388,0.222,0.162,0.237,0.433,0.387,0.233,0.175,0.205,0.225,0.115,0.100,0.273,0.251,0.597,0.226,0.313,0.271,0.296,0.199,0.282,0.190,0.201,0.105,0.169,0.255,0.183,0.125,0.163,0.109,0.210,0.332,0.238,0.194,0.146,0.194,0.176,0.141,0.158,0.183,0.300,0.173,0.363,0.264,0.193,0.124,0.306,0.287,0.320,0.162,0.214,0.144,0.131,0.230,0.163,0.079,0.209,0.219,0.162,0.143,0.047,0.228,0.200,0.560,0.209,0.436,0.312,0.315,0.224,0.197,0.425,0.308,0.265,0.114,0.255,0.160,0.114,0.126,0.351,0.180,0.192,0.287,0.353,0.149,0.148,0.267,0.492,0.199,0.148,0.203
Index[21]=,0.350,0.753,0.281,0.238,0.451,0.507,0.681,0.407,0.633,0.384,0.161,0.472,0.618,0.401,0.267,0.206,0.412,0.191,0.525,0.250,0.255,0.361,0.225,0.225,0.233,0.173,0.199,0.161,0.481,0.133,0.216,0.148,0.198,0.217,0.248,0.076,0.444,0.115,0.225,0.272,0.117,0.238,0.158,0.142,0.320,0.238,0.240,0.175,0.197,0.178,0.146,0.125,0.302,0.162,0.391,0.199,0.287,0.215,0.497,0.199,0.173,0.144,0.196,0.090,0.100,0.208,0.113,0.174,0.290,0.157,0.242,0.134,0.446,0.354,0.211,0.197,0.250,0.093,0.241,0.131,0.241,0.159,0.247,0.290,0.078,0.133,0.186,0.245,0.138,0.131,0.124,0.163,0.129,0.131,0.174,0.181,0.196,0.192,0.110,0.157,0.041,0.254,0.306,0.637,0.170,0.273,0.322,0.363,0.249,0.158,0.452,0.302,0.258,0.127,0.206,0.151,0.052,0.156,0.289,0.141,0.120,0.197,0.485,0.151,0.160,0.191,0.400,0.158,0.106,0.176
Index[22]=,0.235,0.428,0.362,0.273,0.190,0.294,0.608,0.455,0.656,0.283,0.126,0.352,0.312,0.487,0.219,0.155,0.386,0.194,0.220,0.170,0.281,0.378,0.301,0.348,0.169,0.188,0.199,0.255,0.325,0.132,0.248,0.421,0.120,0.182,0.384,0.107,0.385,0.104,0.160,0.146,0.097,0.238,0.096,0.153,0.312,0.235,0.223,0.187,0.137,0.167,0.207,0.078,0.771,0.157,0.328,0.179,0.193,0.210,0.445,0.115,0.118,0.141,0.202,0.096,0.088,0.213,0.148,0.495,0.305,0.123,0.216,0.130,0.329,0.421,0.214,0.178,0.190,0.112,0.293,0.230,0.175,0.128,0.506,0.285,0.086,0.119,0.186,0.372,0.106,0.170,0.123,0.211,0.108,0.161,0.153,0.156,0.131,0.559,0.150,0.142,0.041,0.232,0.289,0.372,0.166,0.155,0.203,0.106,0.316,0.176,0.608,0.176,0.189,0.273,0.199,0.170,0.070,1.126,0.133,0.111,0.126,0.221,0.274,0.127,0.127,0.191,0.307,0.159,0.121,0.145
Index[23]=,0.294,0.563,0.680,0.274,0.119,0.238,0.565,0.530,0.381,0.240,0.293,0.219,0.256,0.285,0.148,0.177,0.270,0.525,0.175,0.273,0.198,0.398,0.236,0.301,0.169,0.401,0.204,0.182,0.192,0.179,0.206,0.328,0.730,0.141,0.330,0.106,0.148,0.152,0.091,0.119,0.121,0.175,0.132,0.135,0.320,0.191,0.171,0.170,0.116,0.211,0.109,0.078,1.022,0.160,0.289,0.193,0.159,0.245,0.230,0.196,0.196,0.114,0.139,0.096,0.043,0.436,0.134,0.495,0.168,0.120,0.128,0.172,0.391,0.296,0.137,0.199,0.134,0.134,0.155,0.133,0.118,0.123,0.485,0.415,0.146,0.086,0.143,0.218,0.110,0.147,0.144,0.204,0.073,0.100,0.104,0.090,0.059,0.559,0.153,0.058,0.043,0.153,0.187,0.376,0.198,0.126,0.266,0.196,0.170,0.112,0.482,0.114,0.193,0.235,0.182,0.141,0.069,1.228,0.218,0.167,0.076,0.149,0.078,0.115,0.146,0.170,0.230,0.098,0.089
