 0時の価格幅は0.4282(最高値=1.800、最低値=0.107、中央値=0.353、値域=0.278)
 1時の価格幅は0.3845(最高値=1.800、最低値=0.072、中央値=0.307、値域=0.289)
 2時の価格幅は0.3583(最高値=1.814、最低値=0.075、中央値=0.284、値域=0.233)
 3時の価格幅は0.3318(最高値=1.796、最低値=0.093、中央値=0.261、値域=0.210)
 4時の価格幅は0.3401(最高値=1.791、最低値=0.092、中央値=0.296、値域=0.186)
 5時の価格幅は0.3642(最高値=1.791、最低値=0.116、中央値=0.311、値域=0.192)
 6時の価格幅は0.3839(最高値=1.088、最低値=0.116、中央値=0.346、値域=0.246)
 7時の価格幅は0.3921(最高値=1.154、最低値=0.095、中央値=0.351、値域=0.241)
 8時の価格幅は0.4124(最高値=1.844、最低値=0.113、中央値=0.359、値域=0.267)
 9時の価格幅は0.4138(最高値=2.119、最低値=0.127、中央値=0.359、値域=0.257)
10時の価格幅は0.4085(最高値=2.119、最低値=0.130、中央値=0.352、値域=0.281)
11時の価格幅は0.4066(最高値=2.161、最低値=0.126、中央値=0.354、値域=0.213)
12時の価格幅は0.4361(最高値=2.161、最低値=0.132、中央値=0.376、値域=0.231)
13時の価格幅は0.4630(最高値=2.125、最低値=0.127、中央値=0.394、値域=0.265)
14時の価格幅は0.4592(最高値=1.505、最低値=0.102、中央値=0.423、値域=0.263)
15時の価格幅は0.4649(最高値=1.662、最低値=0.155、中央値=0.424、値域=0.252)
16時の価格幅は0.5114(最高値=1.515、最低値=0.158、中央値=0.463、値域=0.281)
17時の価格幅は0.5611(最高値=1.557、最低値=0.192、中央値=0.496、値域=0.305)
18時の価格幅は0.5846(最高値=1.779、最低値=0.168、中央値=0.524、値域=0.324)
19時の価格幅は0.6108(最高値=1.986、最低値=0.110、中央値=0.543、値域=0.372)
20時の価格幅は0.6144(最高値=2.016、最低値=0.104、中央値=0.559、値域=0.343)
21時の価格幅は0.6160(最高値=2.053、最低値=0.091、中央値=0.556、値域=0.383)
22時の価格幅は0.5566(最高値=2.066、最低値=0.083、中央値=0.487、値域=0.322)
23時の価格幅は0.5005(最高値=1.246、最低値=0.063、中央値=0.431、値域=0.291)

[取得値詳細]
Index[0]=,0.418,1.012,0.804,0.315,0.756,0.559,1.142,0.973,0.941,0.637,0.362,0.614,0.879,1.269,0.405,0.264,0.662,0.724,0.663,0.378,0.434,0.485,0.405,0.348,0.425,0.430,0.262,0.299,0.765,0.372,0.248,0.559,0.798,0.238,0.874,0.182,1.053,0.205,0.375,0.469,0.419,0.364,0.166,0.251,0.663,0.414,0.345,0.195,0.274,0.319,0.253,0.140,1.800,0.315,0.750,0.276,0.417,0.336,0.525,0.284,0.364,0.283,0.301,0.113,0.169,0.747,0.219,0.495,0.475,0.201,0.411,0.411,0.556,0.515,0.344,0.237,0.301,0.166,0.303,0.230,0.300,0.174,0.506,0.635,0.209,0.201,0.306,0.392,0.377,0.198,0.242,0.216,0.157,0.242,0.190,0.225,0.224,0.559,0.228,0.202,0.107,0.298,0.449,0.695,0.237,0.436,0.383,0.363,0.460,0.233,1.081,0.308,0.280,0.353,0.405,0.195,0.134,1.228,0.351,0.226,0.216,0.364,0.593,0.223,0.235,0.285,0.523,0.291,0.149
Index[1]=,0.719,0.358,0.759,0.733,0.315,0.490,0.559,0.995,0.747,0.968,0.401,0.362,0.614,0.618,0.907,0.267,0.225,0.521,0.724,0.536,0.357,0.569,0.421,0.596,0.348,0.413,0.401,0.247,0.331,0.597,0.197,0.248,0.461,0.752,0.217,0.552,0.225,0.481,0.184,0.235,0.272,0.148,0.369,0.158,0.185,0.550,0.292,0.240,0.195,0.197,0.213,0.135,1.800,0.310,0.276,0.361,0.307,0.525,0.256,0.283,0.301,0.099,0.199,0.627,0.204,0.495,0.445,0.201,0.310,0.213,0.472,0.487,0.322,0.271,0.291,0.153,0.293,0.230,0.241,0.159,0.551,0.618,0.209,0.201,0.186,0.392,0.269,0.170,0.152,0.251,0.155,0.161,0.191,0.225,0.224,0.559,0.153,0.161,0.094,0.298,0.449,0.637,0.199,0.273,0.331,0.363,0.376,0.189,0.849,0.303,0.280,0.340,0.391,0.193,0.072,1.228,0.323,0.403,0.144,0.311,0.485,0.164,1.489,0.192,0.568,0.170,0.154
Index[2]=,0.449,0.533,0.759,0.733,0.371,0.457,0.294,0.666,0.747,1.111,0.323,0.362,0.401,0.428,0.847,0.498,0.189,0.386,0.724,0.239,0.723,0.589,0.421,0.580,0.348,0.413,0.401,0.254,0.331,0.468,0.377,0.248,0.421,0.752,0.235,0.536,0.225,0.385,0.184,0.170,0.268,0.148,0.371,0.146,0.188,0.369,0.292,0.223,0.195,0.175,0.319,0.207,0.085,1.800,0.310,0.454,0.323,0.217,0.256,0.445,0.284,0.203,0.283,0.284,0.099,0.187,0.536,0.204,0.495,0.358,0.206,0.219,0.208,0.442,0.440,0.271,0.271,0.190,0.209,0.293,0.230,0.243,0.136,0.551,0.415,0.209,0.119,0.186,0.372,0.269,0.170,0.152,0.251,0.155,0.161,0.191,0.176,0.145,0.559,0.153,0.168,0.129,0.298,0.449,0.485,0.268,0.161,0.294,0.249,0.316,0.216,0.784,0.176,0.219,0.340,0.391,0.193,0.075,1.228,0.248,0.403,0.126,0.239,0.274,0.164,1.814,0.192,0.448,0.215,0.129
Index[3]=,0.388,0.533,0.728,0.680,0.384,0.541,0.355,0.565,0.606,0.836,0.323,0.332,0.254,0.309,0.691,0.603,0.309,0.291,0.724,0.271,0.723,0.589,0.490,0.452,0.301,0.413,0.401,0.254,0.331,0.335,0.377,0.211,0.328,0.752,0.211,0.449,0.225,0.231,0.184,0.147,0.323,0.220,0.228,0.146,0.168,0.320,0.492,0.355,0.181,0.154,0.260,0.141,0.116,1.781,0.332,0.425,0.323,0.243,0.256,0.292,0.279,0.242,0.283,0.218,0.099,0.216,0.436,0.204,0.495,0.215,0.206,0.155,0.202,0.442,0.296,0.271,0.251,0.151,0.209,0.233,0.181,0.173,0.149,0.530,0.415,0.209,0.098,0.145,0.261,0.269,0.175,0.160,0.251,0.167,0.112,0.191,0.144,0.155,0.559,0.153,0.106,0.179,0.213,0.291,0.408,0.308,0.170,0.294,0.246,0.243,0.143,0.482,0.156,0.331,0.309,0.391,0.141,0.116,1.228,0.231,0.403,0.093,0.165,0.136,0.145,1.796,0.256,0.334,0.239,0.097
Index[4]=,0.618,0.537,0.612,0.680,0.316,0.541,0.679,0.468,0.741,0.740,0.312,0.431,0.333,0.414,0.640,0.603,0.257,0.353,0.724,0.325,0.723,0.578,0.410,0.406,0.204,0.410,0.328,0.254,0.399,0.316,0.377,0.297,0.215,0.723,0.198,0.253,0.225,0.353,0.286,0.292,0.425,0.220,0.253,0.176,0.156,0.253,0.492,0.427,0.257,0.216,0.230,0.198,0.113,1.413,0.307,0.425,0.323,0.181,0.274,0.153,0.337,0.242,0.492,0.246,0.131,0.262,0.327,0.213,0.425,0.298,0.237,0.383,0.296,0.344,0.296,0.261,0.259,0.194,0.253,0.219,0.232,0.170,0.166,0.254,0.449,0.196,0.092,0.191,0.218,0.278,0.175,0.106,0.303,0.244,0.227,0.422,0.149,0.346,0.361,0.154,0.284,0.249,0.213,0.267,0.421,0.302,0.170,0.261,0.229,0.298,0.218,0.443,0.233,0.462,0.309,0.354,0.149,0.120,0.401,0.251,0.364,0.125,0.247,0.116,0.168,1.791,0.313,0.322,0.309,0.315
Index[5]=,0.618,0.515,0.716,0.771,0.405,0.541,0.744,0.468,0.632,0.681,0.720,0.742,0.463,0.414,0.463,0.603,0.306,0.549,0.586,0.456,0.707,0.540,0.560,0.406,0.219,0.402,0.299,0.287,0.462,0.316,0.377,0.297,0.229,0.280,0.201,0.240,0.246,0.365,0.290,0.292,0.425,0.365,0.259,0.224,0.263,0.253,0.621,0.550,0.316,0.227,0.231,0.198,0.142,1.004,0.348,0.425,0.300,0.158,0.290,0.295,0.337,0.379,0.728,0.246,0.153,0.368,0.183,0.231,0.303,0.225,0.237,0.383,0.347,0.437,0.228,0.245,0.336,0.194,0.232,0.219,0.234,0.177,0.154,0.268,0.334,0.158,0.116,0.231,0.228,0.364,0.178,0.119,0.303,0.228,0.353,0.496,0.161,0.394,0.332,0.223,0.284,0.287,0.384,0.311,0.407,0.281,0.170,0.368,0.391,0.241,0.355,0.387,0.233,0.554,0.309,0.412,0.491,0.120,0.430,0.267,0.412,0.303,0.188,0.126,0.268,1.791,0.313,0.271,0.346,0.288
Index[6]=,0.618,0.495,0.877,0.689,0.465,0.452,0.744,0.547,0.705,0.721,0.720,0.812,0.701,0.414,0.578,0.567,0.523,0.540,0.719,0.549,0.862,0.540,0.556,0.329,0.235,0.437,0.259,0.287,0.493,0.302,0.377,0.297,0.470,0.389,0.220,0.209,0.384,0.371,0.276,0.318,0.425,0.630,0.259,0.224,0.263,0.313,0.622,0.589,0.280,0.205,0.231,0.198,0.142,0.623,0.249,0.425,0.300,0.219,0.290,0.346,0.301,0.379,0.722,0.239,0.152,0.368,0.183,0.255,0.310,0.183,0.271,0.432,0.380,0.396,0.245,0.245,0.336,0.194,0.231,0.219,0.234,0.177,0.141,0.405,0.375,0.211,0.116,0.231,0.272,0.380,0.207,0.137,0.303,0.228,0.353,0.496,0.181,0.394,0.332,0.303,0.284,0.287,0.384,0.753,0.401,0.281,0.352,0.378,0.353,0.228,0.388,0.342,0.293,0.572,0.233,0.412,0.491,0.118,0.541,0.267,0.412,0.400,0.188,0.239,0.435,1.088,0.528,0.246,0.327,0.288
Index[7]=,0.620,0.480,0.877,0.661,0.465,0.384,0.744,0.633,0.705,0.721,0.733,0.748,1.154,0.535,0.578,0.565,0.523,0.540,0.706,0.569,0.943,0.540,0.549,0.415,0.278,0.365,0.259,0.332,0.487,0.612,0.410,0.405,0.470,0.389,0.233,0.190,0.367,0.371,0.276,0.247,0.323,0.673,0.259,0.224,0.263,0.516,0.841,0.589,0.280,0.211,0.210,0.221,0.113,0.735,0.249,0.277,0.300,0.266,0.313,0.346,0.216,0.379,0.669,0.239,0.148,0.368,0.229,0.415,0.310,0.183,0.329,0.432,0.367,0.396,0.245,0.226,0.321,0.194,0.191,0.219,0.234,0.169,0.141,0.351,0.347,0.243,0.095,0.191,0.272,0.282,0.219,0.137,0.244,0.225,0.344,0.418,0.181,0.394,0.259,0.328,0.275,0.277,0.384,0.803,0.346,0.251,0.446,0.378,0.353,0.211,0.388,0.342,0.373,0.482,0.209,0.352,0.491,0.118,0.547,0.267,0.371,0.400,0.187,0.366,0.432,1.088,0.528,0.246,0.303,0.327
Index[8]=,0.664,0.418,0.663,0.661,0.605,0.384,0.744,0.686,0.631,0.721,0.733,0.667,1.088,0.535,0.578,0.565,0.530,0.540,0.706,0.569,0.863,0.811,0.549,0.415,0.282,0.343,0.259,0.374,0.359,0.735,0.410,0.407,0.470,0.389,0.233,0.271,0.318,0.354,0.272,0.297,0.266,0.673,0.288,0.267,0.263,0.516,0.768,0.645,0.257,0.250,0.198,0.221,0.113,0.893,0.224,0.353,0.276,0.266,0.652,0.346,0.208,0.379,0.669,0.239,0.165,0.368,0.218,0.639,0.310,0.183,0.408,0.363,0.382,0.528,0.245,0.226,0.321,0.266,0.398,0.202,0.308,0.169,0.127,0.506,0.347,0.205,0.132,0.165,0.272,0.282,0.219,0.137,0.257,0.242,0.320,0.418,0.181,0.407,0.250,0.380,0.271,0.314,0.384,0.803,0.263,0.403,0.462,0.378,0.274,0.211,0.376,0.342,1.844,0.473,0.307,0.279,0.491,0.115,0.580,0.277,0.256,0.429,0.331,0.397,0.379,0.750,0.528,0.246,0.252,0.327
Index[9]=,0.664,0.622,0.525,0.661,0.687,0.403,0.963,0.926,0.412,0.721,0.733,0.645,1.088,0.521,0.497,0.454,0.530,0.524,0.538,0.499,0.700,0.749,0.450,0.415,0.271,0.318,0.259,0.374,0.359,0.643,0.397,0.407,0.470,0.389,0.233,0.275,0.270,0.254,0.269,0.290,0.197,0.621,0.288,0.276,0.263,0.516,0.618,0.479,0.314,0.261,0.254,0.221,0.145,0.945,0.211,0.353,0.307,0.266,0.662,0.346,0.208,0.338,0.603,0.241,0.153,0.347,0.218,0.617,0.274,0.183,0.408,0.404,0.254,0.613,0.245,0.395,0.322,0.332,0.424,0.193,0.308,0.169,0.127,0.482,0.294,0.172,0.162,0.224,0.272,0.260,0.245,0.215,0.257,0.242,0.355,0.406,0.181,0.369,0.207,0.380,0.221,0.241,0.534,0.803,0.291,0.403,0.520,0.447,0.302,0.211,0.336,0.484,2.119,0.426,0.288,0.263,0.491,0.232,0.726,0.399,0.256,0.414,0.346,0.397,0.379,0.870,0.528,0.279,0.168,0.373
Index[10]=,0.518,0.797,0.434,0.528,0.651,0.403,1.110,1.078,0.373,0.983,0.554,0.651,1.317,0.521,0.476,0.507,0.660,0.445,0.511,0.459,0.594,0.559,0.389,0.415,0.253,0.202,0.200,0.268,0.359,0.643,0.300,0.334,0.470,0.322,0.217,0.224,0.381,0.226,0.205,0.240,0.139,0.514,0.330,0.173,0.181,0.392,0.618,0.338,0.478,0.237,0.257,0.260,0.150,0.918,0.214,0.353,0.305,0.232,0.829,0.346,0.175,0.413,0.603,0.252,0.132,0.217,0.170,0.548,0.233,0.175,0.348,0.347,0.214,0.635,0.236,0.454,0.223,0.292,0.398,0.480,0.371,0.176,0.157,0.500,0.253,0.168,0.162,0.398,0.211,0.210,0.222,0.215,0.207,0.370,0.267,0.179,0.181,0.307,0.196,0.310,0.214,1.007,0.534,0.803,0.386,0.360,0.559,0.369,0.569,0.130,0.602,0.461,2.119,0.479,0.241,0.231,0.491,0.246,0.565,0.399,0.334,0.341,0.270,0.397,0.361,0.870,0.352,0.333,0.168,0.273
Index[11]=,0.409,0.792,0.454,0.358,0.468,0.403,1.059,0.906,0.373,0.983,0.369,0.482,1.225,0.445,0.596,0.694,0.553,0.371,0.511,0.354,0.364,0.559,0.569,0.415,0.203,0.274,0.325,0.324,0.392,0.582,0.310,0.302,0.466,0.349,0.126,0.406,0.354,0.253,0.223,0.209,0.164,0.395,0.283,0.150,0.197,0.377,0.388,0.351,0.625,0.246,0.214,0.239,0.142,0.673,0.210,0.353,0.305,0.196,0.836,0.408,0.253,0.339,0.517,0.275,0.132,0.208,0.371,0.551,0.233,0.160,0.457,0.341,0.281,0.560,0.409,0.454,0.279,0.276,0.398,0.480,0.418,0.182,0.162,0.567,0.251,0.208,0.162,0.348,0.270,0.223,0.186,0.346,0.207,0.354,0.267,0.228,0.226,0.307,0.266,0.339,0.198,1.045,0.431,0.708,0.416,0.298,0.629,0.409,0.558,0.360,0.602,0.461,2.161,0.634,0.388,0.292,0.248,0.352,0.514,0.363,0.478,0.233,0.270,0.345,0.247,0.868,0.434,0.333,0.277,0.250
Index[12]=,0.382,0.730,0.454,0.346,0.424,0.706,1.040,0.962,0.410,0.856,0.462,0.546,1.121,0.487,0.610,0.842,0.498,0.445,0.425,0.438,0.346,0.559,0.621,0.360,0.177,0.419,0.373,0.332,1.505,0.582,0.310,0.351,0.432,0.256,0.343,0.471,0.358,0.236,0.314,0.259,0.223,0.285,0.248,0.141,0.246,0.404,0.374,0.351,0.638,0.247,0.214,0.259,0.179,0.633,0.310,0.403,0.376,0.196,1.016,0.409,0.547,0.339,0.817,0.275,0.132,0.165,0.564,0.551,0.190,0.390,0.500,0.341,0.281,0.438,0.342,0.385,0.424,0.278,0.330,0.480,0.396,0.178,0.381,0.567,0.251,0.208,0.277,0.337,0.315,0.262,0.193,0.346,0.233,0.377,0.267,0.228,0.227,0.262,0.355,0.231,0.198,1.069,0.384,0.708,0.392,0.298,0.392,0.552,0.763,0.398,0.602,0.461,2.161,0.702,0.486,0.292,0.245,0.451,0.515,0.363,0.489,0.233,0.328,0.239,0.210,0.795,0.527,0.372,0.299,0.169
Index[13]=,0.513,0.639,0.557,0.328,0.381,1.047,0.925,1.006,1.336,0.683,0.435,0.546,0.636,0.667,0.610,0.882,0.498,0.578,0.379,0.515,0.319,0.602,0.702,0.292,0.169,0.511,0.394,0.340,1.505,0.560,0.293,0.382,0.432,0.321,0.349,0.471,0.557,0.236,0.314,0.295,0.223,0.285,0.314,0.242,0.246,0.427,0.337,0.407,0.635,0.247,0.270,0.259,0.217,0.436,0.525,0.403,0.370,0.186,1.016,0.409,0.640,0.339,0.800,0.249,0.127,0.160,0.564,0.456,0.282,0.390,0.511,0.420,0.373,0.349,0.380,0.385,0.435,0.306,0.394,0.453,0.508,0.199,0.532,0.567,0.251,0.208,0.280,0.337,0.397,0.262,0.190,0.346,0.233,0.402,0.387,0.228,0.257,0.249,0.339,0.212,0.198,1.134,0.653,0.642,0.357,0.298,0.359,0.611,0.735,0.400,0.602,0.555,2.125,0.855,0.486,0.292,0.245,0.518,0.595,0.284,0.493,0.233,0.387,0.479,0.182,0.752,0.544,0.536,0.294,0.296
Index[14]=,0.475,0.587,0.557,0.327,0.326,1.216,0.637,0.734,1.336,0.575,0.367,0.546,0.602,0.727,0.610,0.825,0.473,0.676,0.379,0.474,0.325,0.635,0.533,0.355,0.167,0.512,0.591,0.438,1.505,0.509,0.236,0.481,0.432,0.374,0.349,0.471,0.583,0.236,0.314,0.322,0.223,0.286,0.314,0.428,0.201,0.413,0.471,0.476,0.510,0.247,0.270,0.259,0.274,0.372,0.540,0.382,0.395,0.244,0.731,0.409,0.640,0.342,0.589,0.228,0.102,0.155,0.564,0.320,0.396,0.390,0.511,0.387,0.375,0.551,0.495,0.551,0.435,0.314,0.394,0.453,0.508,0.268,0.547,0.567,0.257,0.255,0.398,0.273,0.494,0.253,0.184,0.423,0.199,0.402,0.557,0.228,0.281,0.249,0.314,0.241,0.244,1.038,0.910,0.605,0.357,0.255,0.406,0.705,0.719,0.434,0.602,0.720,0.885,0.665,0.419,0.332,0.245,0.506,0.559,0.284,0.689,0.216,0.387,0.479,0.194,0.752,0.660,0.520,0.262,0.296
Index[15]=,0.381,0.690,0.557,0.281,0.314,1.204,0.637,0.700,1.662,0.516,0.424,0.759,0.602,0.727,0.727,0.808,0.416,0.676,0.442,0.395,0.325,0.608,0.499,0.368,0.167,0.559,0.580,0.487,1.505,0.485,0.213,0.492,0.432,0.450,0.344,0.439,0.504,0.218,0.307,0.275,0.256,0.341,0.314,0.428,0.185,0.402,0.702,0.476,0.383,0.203,0.270,0.275,0.301,0.372,0.540,0.449,0.390,0.300,0.612,0.351,0.636,0.402,0.524,0.228,0.217,0.155,0.531,0.339,0.411,0.390,0.511,0.567,0.337,0.551,0.495,0.608,0.490,0.314,0.306,0.439,0.508,0.308,0.547,0.567,0.211,0.278,0.433,0.239,0.473,0.257,0.184,0.384,0.225,0.402,0.529,0.228,0.316,0.249,0.314,0.393,0.225,0.989,0.872,0.802,0.357,0.255,0.406,0.669,0.621,0.386,0.602,0.761,0.885,0.663,0.397,0.335,0.245,0.475,0.558,0.257,0.685,0.291,0.347,0.479,0.278,0.728,0.660,0.461,0.243,0.290
Index[16]=,0.434,0.677,0.557,0.281,0.321,1.100,0.475,0.700,1.515,0.452,0.424,0.787,0.496,0.775,0.837,0.474,0.459,0.676,0.575,0.395,0.325,0.421,0.455,0.333,0.158,0.559,0.594,0.397,1.505,0.494,0.158,0.478,0.363,0.525,0.376,0.375,0.391,0.265,0.287,0.222,0.301,0.301,0.281,0.446,0.253,0.410,1.076,0.476,0.667,0.252,0.245,0.376,0.259,0.500,0.472,0.449,0.463,0.513,0.698,0.474,0.753,0.430,0.563,0.442,1.118,0.184,0.686,0.359,0.468,0.390,1.149,0.640,0.337,0.551,0.689,0.585,0.490,0.330,0.295,0.430,0.324,0.311,0.486,0.564,0.228,0.224,0.434,0.348,0.446,0.626,0.184,0.297,0.618,0.402,0.531,0.228,0.627,0.325,0.402,0.895,0.225,0.772,0.842,0.766,0.439,0.370,0.406,0.725,0.606,1.253,0.552,0.761,0.885,0.917,0.309,0.337,0.319,0.540,0.633,0.267,0.543,0.582,0.347,0.471,0.478,0.329,0.671,0.593,0.753,0.404
Index[17]=,0.674,0.677,0.851,0.475,0.972,1.026,0.475,1.096,1.557,0.524,0.388,0.787,0.677,0.652,0.837,0.397,0.820,0.601,0.497,0.516,0.325,0.581,0.408,0.335,1.520,0.535,0.913,0.334,1.464,0.445,0.285,0.451,0.361,0.605,0.446,0.469,0.360,0.297,0.507,0.192,0.301,0.239,0.304,0.631,1.012,0.410,1.076,0.432,0.608,0.275,0.339,0.376,0.220,0.539,0.571,0.559,0.503,0.451,0.916,0.496,0.673,0.415,0.641,0.392,1.226,0.196,0.479,0.359,0.468,0.458,1.149,0.803,0.400,0.438,0.689,0.465,0.524,0.429,0.267,0.560,0.327,0.311,0.468,0.853,0.286,0.224,0.434,0.524,0.382,0.639,0.217,0.301,0.616,0.350,0.477,0.268,0.513,0.327,0.408,0.837,0.225,0.803,0.826,0.811,0.482,0.315,0.813,0.587,0.728,1.211,0.552,0.744,0.731,0.857,0.346,0.359,0.283,0.437,0.388,0.641,0.369,0.630,0.452,0.471,0.594,0.329,0.671,0.598,0.753,0.550
Index[18]=,0.972,0.677,0.867,0.514,0.972,1.068,0.522,1.096,1.358,0.824,0.410,0.720,0.731,0.836,0.945,0.397,0.907,0.372,0.475,0.457,0.269,0.486,0.408,0.299,1.779,0.330,0.943,0.686,0.899,0.445,0.282,0.328,0.329,0.498,0.483,0.503,0.313,0.383,0.556,0.216,0.294,0.516,0.237,0.572,1.193,0.410,1.076,0.432,0.608,0.354,0.339,0.280,0.214,0.539,0.622,0.488,0.541,0.436,0.870,0.524,0.430,0.372,0.880,0.374,1.226,0.196,0.487,0.426,0.508,0.419,1.149,0.991,0.400,0.514,0.689,0.562,0.524,0.553,0.453,0.604,0.327,0.357,0.594,0.877,0.544,0.224,0.553,0.659,0.436,0.639,0.168,0.301,0.721,0.350,0.735,0.264,0.719,0.486,0.396,0.821,0.178,0.836,0.815,0.594,0.474,0.674,1.076,0.671,0.558,1.211,0.382,0.557,0.801,0.857,0.571,0.359,0.297,0.502,0.618,0.641,0.369,0.630,0.660,0.441,0.588,0.375,0.583,0.429,0.767,0.454
Index[19]=,1.058,0.776,0.882,0.514,1.041,1.104,0.420,1.096,1.013,1.420,0.421,0.510,0.686,0.836,1.049,0.397,0.821,0.372,0.424,0.457,0.553,0.486,0.370,0.271,1.986,0.330,0.792,0.780,0.911,0.612,0.281,0.435,0.319,0.365,0.572,0.445,0.758,0.342,0.711,0.289,0.485,0.516,0.290,0.443,1.373,0.531,1.076,0.432,0.623,0.403,0.313,0.215,0.447,0.539,0.958,0.407,0.761,0.411,0.797,0.477,0.404,0.372,0.800,0.365,1.226,0.196,0.592,0.426,0.555,0.419,1.075,1.045,0.499,0.514,0.689,0.525,0.524,0.618,0.514,0.711,0.379,0.357,0.594,1.084,0.545,0.224,0.778,0.641,0.697,0.639,0.271,0.364,0.776,0.392,0.735,0.264,0.684,0.654,0.304,0.821,0.110,0.836,0.472,0.454,0.509,0.821,1.076,0.671,0.691,1.211,0.425,0.575,0.801,0.857,0.662,0.359,0.269,0.463,0.618,0.641,0.343,0.580,0.645,0.368,0.627,0.543,0.528,0.401,0.767,0.403
Index[20]=,1.058,1.191,0.636,0.514,1.356,1.068,0.652,1.048,1.013,1.429,0.324,0.518,0.735,0.836,0.798,0.350,0.760,0.268,0.603,0.549,0.553,0.486,0.307,0.259,2.016,0.330,0.699,0.791,1.365,0.612,0.257,0.435,0.337,0.380,0.572,0.328,0.843,0.309,0.671,0.487,0.496,0.516,0.323,0.433,1.373,0.529,0.761,0.387,0.688,0.431,0.252,0.250,0.411,0.406,1.034,0.320,0.761,0.387,0.619,0.444,0.480,0.372,0.776,0.352,1.226,0.269,0.564,0.426,0.568,0.419,1.049,1.045,0.527,0.472,0.610,0.432,0.524,0.538,0.517,0.711,0.532,0.357,0.720,1.084,0.559,0.224,0.778,0.641,0.740,0.639,0.309,0.364,0.739,0.392,0.735,0.251,0.684,0.654,0.272,0.717,0.104,0.836,0.437,0.699,0.460,1.057,1.064,0.671,0.691,1.211,0.425,0.575,0.721,0.857,0.654,0.359,0.266,0.463,0.682,0.641,0.380,0.544,0.558,0.322,0.625,0.575,0.634,0.359,0.767,0.403
Index[21]=,0.912,1.337,0.617,0.514,1.356,1.077,0.920,1.026,1.013,1.429,0.310,0.518,0.991,0.907,0.703,0.350,0.760,0.264,0.652,0.549,0.553,0.492,0.307,0.306,2.053,0.316,0.668,0.791,1.329,0.612,0.314,0.435,0.337,0.380,0.581,0.295,1.016,0.309,0.756,0.542,0.496,0.521,0.327,0.433,1.373,0.556,0.530,0.387,0.757,0.431,0.303,0.280,0.411,0.354,1.145,0.320,0.761,0.376,0.759,0.343,0.407,0.372,0.776,0.325,1.226,0.342,0.426,0.426,0.725,0.419,0.876,0.900,0.819,0.479,0.609,0.471,0.500,0.430,0.601,0.666,0.532,0.357,0.731,1.084,0.559,0.218,0.778,0.634,0.722,0.639,0.309,0.364,0.704,0.392,0.735,0.316,0.599,0.654,0.289,0.723,0.091,0.774,0.624,0.834,0.460,1.057,1.028,0.671,0.640,1.192,0.684,0.419,0.457,0.857,0.633,0.243,0.199,0.443,0.682,0.641,0.380,0.544,0.616,0.322,0.374,0.549,0.634,0.343,0.767,0.325
Index[22]=,0.805,1.143,0.489,0.452,1.356,1.079,1.176,1.074,1.013,1.429,0.310,0.565,0.991,1.092,0.666,0.350,0.667,0.267,0.663,0.549,0.589,0.534,0.317,0.348,2.066,0.295,0.543,0.710,1.320,0.481,0.305,0.743,0.289,0.380,0.733,0.263,1.053,0.257,0.747,0.542,0.454,0.424,0.327,0.433,1.373,0.556,0.439,0.333,0.536,0.431,0.370,0.239,0.880,0.321,1.067,0.320,0.619,0.407,0.525,0.343,0.322,0.372,0.499,0.238,0.319,0.438,0.306,0.615,0.719,0.260,0.508,0.531,0.741,0.593,0.510,0.457,0.403,0.309,0.616,0.476,0.532,0.331,0.641,0.602,0.517,0.218,0.686,0.480,0.623,0.301,0.309,0.364,0.323,0.392,0.689,0.333,0.347,0.655,0.317,0.244,0.083,0.480,0.624,0.834,0.460,1.020,0.949,0.616,0.460,0.487,0.905,0.366,0.391,0.342,0.633,0.236,0.184,1.126,0.503,0.475,0.395,0.544,0.616,0.280,0.234,0.549,0.525,0.343,0.226,0.291
Index[23]=,0.463,1.143,0.804,0.383,1.246,0.788,1.234,1.181,0.904,1.156,0.405,0.614,0.991,1.156,0.405,0.357,0.667,0.525,0.663,0.450,0.548,0.517,0.380,0.348,0.639,0.442,0.394,0.695,1.002,0.481,0.256,0.707,0.776,0.346,0.766,0.180,1.053,0.257,0.445,0.533,0.459,0.357,0.305,0.306,0.663,0.520,0.345,0.321,0.348,0.431,0.298,0.184,1.124,0.321,0.820,0.310,0.417,0.336,0.525,0.343,0.404,0.372,0.348,0.165,0.196,0.747,0.302,0.501,0.583,0.240,0.411,0.381,0.614,0.612,0.403,0.358,0.346,0.251,0.539,0.417,0.505,0.218,0.506,0.635,0.517,0.218,0.686,0.427,0.568,0.236,0.305,0.264,0.254,0.367,0.434,0.290,0.361,0.559,0.320,0.244,0.063,0.480,0.587,0.834,0.460,0.918,0.508,0.416,0.460,0.347,1.081,0.308,0.318,0.336,0.496,0.211,0.184,1.228,0.446,0.226,0.315,0.516,0.616,0.223,0.235,0.549,0.492,0.343,0.226
