 0時の価格幅は0.1318(最高値=0.828、最低値=0.036、中央値=0.099、値域=0.090)
 1時の価格幅は0.1164(最高値=0.335、最低値=0.032、中央値=0.095、値域=0.066)
 2時の価格幅は0.1165(最高値=0.632、最低値=0.028、中央値=0.091、値域=0.060)
 3時の価格幅は0.1239(最高値=0.387、最低値=0.035、中央値=0.105、値域=0.083)
 4時の価格幅は0.1975(最高値=0.662、最低値=0.048、中央値=0.176、値域=0.098)
 5時の価格幅は0.1774(最高値=0.512、最低値=0.056、中央値=0.149、値域=0.123)
 6時の価格幅は0.1479(最高値=0.565、最低値=0.050、中央値=0.122、値域=0.084)
 7時の価格幅は0.1352(最高値=0.759、最低値=0.045、中央値=0.110、値域=0.094)
 8時の価格幅は0.1562(最高値=1.808、最低値=0.029、中央値=0.119、値域=0.097)
 9時の価格幅は0.1462(最高値=0.659、最低値=0.048、中央値=0.124、値域=0.070)
10時の価格幅は0.1875(最高値=0.803、最低値=0.058、中央値=0.158、値域=0.098)
11時の価格幅は0.1976(最高値=0.662、最低値=0.069、中央値=0.180、値域=0.100)
12時の価格幅は0.2097(最高値=1.464、最低値=0.056、中央値=0.172、値域=0.130)
13時の価格幅は0.1849(最高値=0.990、最低値=0.047、中央値=0.162、値域=0.108)
14時の価格幅は0.1628(最高値=0.644、最低値=0.038、中央値=0.143、値域=0.086)
15時の価格幅は0.1550(最高値=0.501、最低値=0.058、中央値=0.136、値域=0.078)
16時の価格幅は0.2676(最高値=1.118、最低値=0.067、中央値=0.210、値域=0.154)
17時の価格幅は0.2727(最高値=1.520、最低値=0.082、中央値=0.228、値域=0.134)
18時の価格幅は0.2642(最高値=0.668、最低値=0.059、中央値=0.231、値域=0.163)
19時の価格幅は0.2217(最高値=0.758、最低値=0.044、中央値=0.193、値域=0.124)
20時の価格幅は0.1744(最高値=0.607、最低値=0.027、中央値=0.147、値域=0.109)
21時の価格幅は0.1614(最高値=0.527、最低値=0.041、中央値=0.132、値域=0.089)
22時の価格幅は0.1691(最高値=1.126、最低値=0.029、中央値=0.131、値域=0.089)
23時の価格幅は0.1464(最高値=0.701、最低値=0.018、中央値=0.114、値域=0.080)

[取得値詳細]
Index[0]=,0.183,0.315,0.251,0.113,0.167,0.149,0.269,0.186,0.293,0.215,0.249,0.158,0.244,0.251,0.137,0.063,0.150,0.586,0.163,0.206,0.338,0.195,0.215,0.062,0.365,0.293,0.099,0.175,0.089,0.075,0.116,0.097,0.230,0.046,0.164,0.112,0.068,0.074,0.115,0.099,0.089,0.071,0.059,0.062,0.097,0.052,0.155,0.129,0.125,0.131,0.090,0.063,0.828,0.237,0.335,0.087,0.092,0.105,0.098,0.238,0.067,0.211,0.108,0.087,0.074,0.119,0.153,0.092,0.134,0.156,0.127,0.095,0.106,0.177,0.162,0.053,0.061,0.080,0.100,0.147,0.090,0.079,0.090,0.061,0.111,0.080,0.070,0.084,0.059,0.061,0.073,0.095,0.057,0.062,0.122,0.053,0.075,0.165,0.107,0.058,0.049,0.061,0.185,0.121,0.044,0.060,0.106,0.089,0.063,0.116,0.161,0.075,0.107,0.140,0.097,0.036,0.062,0.079,0.083,0.097,0.062,0.071,0.060,0.037,0.114,0.081,0.168,0.056,0.048
Index[1]=,0.108,0.083,0.321,0.185,0.063,0.196,0.113,0.129,0.130,0.316,0.294,0.166,0.191,0.221,0.291,0.094,0.052,0.170,0.219,0.105,0.262,0.219,0.159,0.260,0.082,0.335,0.064,0.093,0.255,0.223,0.167,0.095,0.096,0.179,0.090,0.165,0.109,0.135,0.033,0.123,0.130,0.061,0.065,0.058,0.042,0.186,0.095,0.104,0.084,0.036,0.114,0.082,0.218,0.048,0.101,0.060,0.096,0.082,0.191,0.121,0.117,0.080,0.103,0.087,0.092,0.062,0.092,0.136,0.062,0.074,0.137,0.105,0.104,0.090,0.087,0.086,0.079,0.048,0.091,0.038,0.136,0.055,0.054,0.077,0.055,0.074,0.151,0.091,0.054,0.251,0.076,0.073,0.116,0.047,0.103,0.104,0.085,0.075,0.059,0.097,0.101,0.171,0.068,0.069,0.089,0.076,0.121,0.078,0.146,0.084,0.158,0.124,0.138,0.081,0.059,0.100,0.032,0.100,0.047,0.034,0.072,0.050,0.289,0.070,0.160,0.039,0.058
Index[2]=,0.284,0.381,0.372,0.144,0.262,0.192,0.112,0.126,0.208,0.375,0.133,0.123,0.158,0.180,0.296,0.282,0.082,0.148,0.259,0.110,0.313,0.172,0.120,0.158,0.080,0.078,0.111,0.073,0.176,0.137,0.217,0.067,0.096,0.167,0.125,0.086,0.077,0.072,0.057,0.071,0.111,0.064,0.102,0.083,0.089,0.170,0.117,0.137,0.111,0.097,0.106,0.050,0.041,0.147,0.100,0.248,0.166,0.047,0.030,0.098,0.100,0.095,0.069,0.076,0.054,0.111,0.087,0.105,0.058,0.059,0.127,0.095,0.054,0.100,0.105,0.122,0.063,0.109,0.083,0.086,0.090,0.086,0.069,0.069,0.091,0.089,0.063,0.079,0.087,0.069,0.068,0.050,0.054,0.067,0.058,0.051,0.045,0.063,0.085,0.052,0.097,0.078,0.067,0.054,0.223,0.093,0.065,0.088,0.122,0.068,0.128,0.074,0.112,0.090,0.146,0.140,0.036,0.058,0.119,0.076,0.180,0.042,0.028,0.081,0.085,0.632,0.044,0.057,0.086,0.044
Index[3]=,0.198,0.200,0.191,0.163,0.146,0.223,0.178,0.250,0.260,0.374,0.218,0.178,0.131,0.186,0.277,0.387,0.215,0.131,0.219,0.240,0.232,0.154,0.250,0.170,0.091,0.182,0.070,0.101,0.171,0.291,0.231,0.108,0.060,0.077,0.090,0.059,0.119,0.114,0.039,0.060,0.164,0.123,0.087,0.077,0.094,0.081,0.357,0.271,0.073,0.087,0.084,0.037,0.063,0.279,0.135,0.138,0.205,0.086,0.108,0.090,0.097,0.102,0.121,0.132,0.070,0.107,0.060,0.092,0.084,0.066,0.053,0.061,0.120,0.058,0.112,0.186,0.121,0.151,0.068,0.074,0.058,0.111,0.043,0.094,0.076,0.064,0.035,0.039,0.093,0.082,0.062,0.059,0.062,0.134,0.070,0.082,0.105,0.102,0.071,0.055,0.073,0.119,0.113,0.067,0.169,0.127,0.112,0.106,0.077,0.075,0.057,0.082,0.087,0.133,0.152,0.059,0.040,0.084,0.152,0.143,0.114,0.060,0.084,0.059,0.059,0.201,0.143,0.083,0.120,0.057
Index[4]=,0.435,0.348,0.211,0.323,0.112,0.166,0.534,0.434,0.275,0.376,0.269,0.236,0.227,0.335,0.376,0.454,0.165,0.328,0.228,0.150,0.272,0.389,0.297,0.168,0.160,0.205,0.257,0.148,0.162,0.194,0.178,0.285,0.196,0.126,0.101,0.162,0.083,0.236,0.265,0.198,0.138,0.161,0.184,0.176,0.156,0.159,0.138,0.261,0.196,0.146,0.104,0.148,0.070,0.465,0.117,0.173,0.146,0.093,0.160,0.136,0.137,0.109,0.347,0.225,0.095,0.241,0.172,0.150,0.262,0.183,0.131,0.279,0.133,0.251,0.174,0.200,0.208,0.180,0.160,0.178,0.221,0.096,0.094,0.120,0.235,0.068,0.064,0.105,0.154,0.158,0.079,0.077,0.163,0.192,0.192,0.325,0.077,0.277,0.173,0.152,0.221,0.102,0.135,0.148,0.185,0.191,0.103,0.193,0.110,0.211,0.166,0.138,0.233,0.184,0.179,0.205,0.082,0.048,0.222,0.216,0.163,0.079,0.154,0.078,0.112,0.662,0.313,0.209,0.127,0.282
Index[5]=,0.299,0.286,0.273,0.343,0.345,0.167,0.244,0.280,0.171,0.414,0.512,0.364,0.235,0.225,0.201,0.244,0.235,0.445,0.181,0.248,0.358,0.158,0.276,0.170,0.105,0.160,0.142,0.181,0.156,0.166,0.134,0.157,0.148,0.135,0.185,0.109,0.112,0.145,0.131,0.100,0.109,0.184,0.095,0.121,0.171,0.096,0.336,0.243,0.179,0.096,0.195,0.093,0.080,0.431,0.122,0.164,0.102,0.124,0.133,0.295,0.158,0.269,0.310,0.111,0.069,0.147,0.075,0.094,0.119,0.175,0.103,0.145,0.108,0.246,0.147,0.088,0.186,0.117,0.098,0.094,0.083,0.169,0.087,0.105,0.127,0.056,0.061,0.140,0.167,0.154,0.117,0.119,0.113,0.125,0.149,0.146,0.122,0.156,0.143,0.114,0.074,0.108,0.286,0.272,0.194,0.149,0.084,0.290,0.260,0.080,0.264,0.227,0.094,0.300,0.116,0.112,0.491,0.072,0.243,0.166,0.170,0.184,0.104,0.112,0.194,0.312,0.131,0.134,0.104,0.116
Index[6]=,0.166,0.274,0.165,0.156,0.222,0.158,0.257,0.239,0.165,0.390,0.197,0.265,0.381,0.136,0.302,0.244,0.270,0.102,0.328,0.137,0.283,0.120,0.152,0.184,0.088,0.119,0.089,0.121,0.228,0.103,0.078,0.114,0.431,0.203,0.075,0.097,0.187,0.100,0.141,0.099,0.108,0.330,0.090,0.071,0.073,0.174,0.120,0.162,0.081,0.121,0.123,0.062,0.059,0.188,0.148,0.117,0.084,0.117,0.093,0.117,0.143,0.152,0.165,0.138,0.050,0.079,0.059,0.113,0.106,0.102,0.174,0.166,0.160,0.241,0.125,0.124,0.117,0.076,0.103,0.082,0.080,0.078,0.064,0.189,0.120,0.122,0.052,0.080,0.097,0.125,0.084,0.050,0.077,0.071,0.065,0.120,0.090,0.099,0.140,0.190,0.065,0.066,0.196,0.565,0.144,0.089,0.352,0.129,0.111,0.087,0.156,0.131,0.184,0.250,0.109,0.057,0.136,0.094,0.236,0.075,0.102,0.171,0.074,0.187,0.238,0.103,0.287,0.096,0.125,0.146
Index[7]=,0.290,0.134,0.216,0.203,0.121,0.182,0.175,0.179,0.192,0.313,0.254,0.172,0.759,0.250,0.123,0.172,0.155,0.181,0.118,0.137,0.144,0.245,0.106,0.274,0.121,0.106,0.075,0.144,0.174,0.448,0.249,0.288,0.145,0.097,0.089,0.106,0.088,0.094,0.092,0.084,0.063,0.215,0.085,0.052,0.089,0.240,0.374,0.085,0.070,0.060,0.078,0.173,0.045,0.237,0.075,0.117,0.090,0.081,0.074,0.095,0.086,0.194,0.139,0.105,0.058,0.151,0.112,0.320,0.070,0.053,0.106,0.085,0.133,0.115,0.131,0.070,0.087,0.056,0.097,0.113,0.072,0.087,0.050,0.200,0.061,0.084,0.070,0.065,0.136,0.071,0.096,0.048,0.168,0.113,0.084,0.048,0.051,0.079,0.072,0.107,0.055,0.057,0.078,0.262,0.147,0.071,0.209,0.130,0.111,0.075,0.067,0.151,0.127,0.138,0.075,0.104,0.086,0.059,0.110,0.189,0.111,0.121,0.085,0.156,0.115,0.268,0.238,0.061,0.089,0.099
Index[8]=,0.149,0.202,0.124,0.161,0.275,0.084,0.458,0.301,0.125,0.333,0.236,0.159,0.261,0.223,0.266,0.119,0.222,0.165,0.090,0.177,0.165,0.355,0.213,0.126,0.117,0.119,0.068,0.086,0.092,0.223,0.127,0.137,0.157,0.087,0.060,0.110,0.064,0.054,0.065,0.168,0.040,0.163,0.153,0.103,0.077,0.145,0.233,0.126,0.210,0.085,0.078,0.049,0.040,0.198,0.094,0.245,0.126,0.079,0.424,0.228,0.095,0.152,0.248,0.101,0.085,0.132,0.118,0.453,0.104,0.054,0.116,0.151,0.131,0.204,0.074,0.141,0.076,0.151,0.261,0.071,0.173,0.052,0.036,0.414,0.103,0.045,0.132,0.100,0.077,0.114,0.054,0.044,0.128,0.090,0.069,0.051,0.029,0.139,0.159,0.119,0.086,0.115,0.100,0.360,0.113,0.177,0.192,0.168,0.078,0.065,0.059,0.051,1.808,0.301,0.180,0.102,0.069,0.053,0.118,0.113,0.095,0.110,0.194,0.094,0.073,0.380,0.129,0.080,0.076,0.101
Index[9]=,0.251,0.354,0.265,0.114,0.194,0.180,0.440,0.281,0.107,0.214,0.200,0.115,0.118,0.180,0.342,0.138,0.155,0.129,0.322,0.232,0.122,0.151,0.124,0.146,0.092,0.104,0.091,0.133,0.081,0.123,0.105,0.115,0.107,0.092,0.048,0.130,0.108,0.070,0.060,0.070,0.136,0.155,0.128,0.098,0.070,0.126,0.143,0.168,0.165,0.124,0.169,0.067,0.070,0.140,0.059,0.086,0.148,0.097,0.205,0.146,0.086,0.131,0.278,0.149,0.058,0.086,0.089,0.109,0.148,0.073,0.112,0.270,0.102,0.126,0.073,0.217,0.124,0.124,0.194,0.114,0.141,0.068,0.052,0.097,0.155,0.084,0.069,0.095,0.116,0.118,0.088,0.111,0.098,0.105,0.166,0.137,0.085,0.140,0.078,0.080,0.121,0.054,0.339,0.358,0.153,0.183,0.168,0.155,0.233,0.083,0.095,0.311,0.659,0.145,0.098,0.097,0.083,0.122,0.249,0.174,0.092,0.163,0.157,0.111,0.098,0.348,0.122,0.176,0.092,0.115
Index[10]=,0.155,0.387,0.298,0.196,0.154,0.194,0.286,0.421,0.252,0.406,0.180,0.234,0.546,0.159,0.272,0.417,0.341,0.229,0.155,0.129,0.130,0.254,0.128,0.142,0.117,0.118,0.098,0.159,0.145,0.255,0.136,0.101,0.432,0.117,0.058,0.095,0.163,0.191,0.063,0.102,0.059,0.146,0.203,0.098,0.105,0.117,0.164,0.146,0.181,0.080,0.104,0.170,0.083,0.147,0.163,0.164,0.126,0.157,0.354,0.094,0.083,0.214,0.172,0.161,0.069,0.085,0.092,0.137,0.162,0.093,0.077,0.211,0.129,0.165,0.169,0.175,0.091,0.159,0.132,0.400,0.322,0.102,0.123,0.349,0.153,0.085,0.112,0.235,0.114,0.088,0.088,0.174,0.099,0.216,0.181,0.130,0.070,0.218,0.115,0.158,0.112,0.803,0.152,0.362,0.174,0.171,0.211,0.162,0.402,0.082,0.602,0.272,0.460,0.196,0.152,0.206,0.092,0.086,0.164,0.125,0.221,0.152,0.169,0.236,0.113,0.580,0.173,0.145,0.095,0.122
Index[11]=,0.166,0.382,0.334,0.174,0.171,0.181,0.450,0.320,0.201,0.312,0.197,0.359,0.265,0.337,0.285,0.270,0.257,0.255,0.206,0.170,0.145,0.180,0.264,0.253,0.140,0.150,0.195,0.171,0.180,0.210,0.145,0.117,0.211,0.116,0.095,0.306,0.086,0.217,0.162,0.101,0.164,0.134,0.122,0.081,0.092,0.134,0.172,0.220,0.302,0.162,0.110,0.176,0.100,0.308,0.142,0.187,0.134,0.139,0.183,0.280,0.202,0.151,0.120,0.145,0.074,0.069,0.273,0.188,0.138,0.160,0.315,0.167,0.213,0.188,0.245,0.184,0.184,0.170,0.137,0.223,0.147,0.169,0.100,0.231,0.097,0.148,0.091,0.126,0.174,0.105,0.097,0.186,0.075,0.336,0.145,0.228,0.226,0.146,0.167,0.134,0.070,0.292,0.185,0.165,0.307,0.227,0.202,0.240,0.171,0.286,0.271,0.221,0.662,0.374,0.211,0.246,0.225,0.211,0.315,0.218,0.319,0.149,0.172,0.090,0.113,0.161,0.396,0.110,0.190,0.131
Index[12]=,0.165,0.486,0.233,0.172,0.151,0.516,0.300,0.499,0.263,0.302,0.303,0.392,0.212,0.256,0.282,0.236,0.289,0.370,0.268,0.233,0.286,0.263,0.239,0.149,0.100,0.395,0.142,0.152,1.464,0.143,0.129,0.231,0.154,0.151,0.244,0.199,0.135,0.119,0.139,0.116,0.182,0.155,0.160,0.093,0.122,0.157,0.293,0.223,0.211,0.122,0.148,0.116,0.098,0.213,0.186,0.133,0.183,0.098,0.340,0.136,0.363,0.176,0.468,0.106,0.094,0.056,0.259,0.150,0.106,0.297,0.197,0.195,0.140,0.105,0.154,0.171,0.256,0.174,0.154,0.261,0.095,0.088,0.278,0.162,0.133,0.097,0.198,0.130,0.179,0.102,0.131,0.113,0.108,0.105,0.112,0.129,0.112,0.122,0.168,0.128,0.081,0.313,0.123,0.371,0.178,0.192,0.153,0.245,0.484,0.133,0.336,0.334,0.362,0.239,0.174,0.118,0.125,0.237,0.203,0.179,0.128,0.155,0.193,0.086,0.073,0.318,0.367,0.266,0.131,0.139
Index[13]=,0.262,0.294,0.406,0.162,0.133,0.426,0.415,0.503,0.990,0.239,0.157,0.264,0.239,0.230,0.303,0.311,0.205,0.189,0.188,0.136,0.221,0.198,0.186,0.096,0.137,0.236,0.165,0.187,0.381,0.129,0.128,0.191,0.091,0.214,0.115,0.122,0.259,0.164,0.094,0.134,0.114,0.126,0.143,0.183,0.108,0.217,0.199,0.261,0.217,0.122,0.106,0.124,0.086,0.172,0.263,0.174,0.126,0.072,0.189,0.184,0.186,0.129,0.157,0.160,0.047,0.090,0.115,0.123,0.195,0.145,0.094,0.250,0.189,0.109,0.229,0.117,0.251,0.099,0.098,0.125,0.310,0.101,0.190,0.130,0.150,0.099,0.059,0.166,0.248,0.105,0.054,0.104,0.050,0.122,0.202,0.074,0.101,0.080,0.154,0.107,0.095,0.269,0.396,0.333,0.184,0.106,0.266,0.100,0.127,0.079,0.146,0.212,0.222,0.242,0.153,0.112,0.076,0.139,0.261,0.181,0.160,0.109,0.239,0.395,0.113,0.168,0.456,0.209,0.116,0.168
Index[14]=,0.213,0.236,0.435,0.139,0.170,0.182,0.263,0.268,0.382,0.274,0.167,0.234,0.176,0.220,0.458,0.186,0.150,0.266,0.191,0.125,0.155,0.209,0.181,0.149,0.078,0.165,0.232,0.142,0.185,0.154,0.080,0.146,0.198,0.121,0.126,0.193,0.108,0.098,0.079,0.104,0.095,0.142,0.084,0.240,0.074,0.168,0.471,0.231,0.127,0.102,0.124,0.068,0.106,0.177,0.188,0.188,0.231,0.135,0.316,0.109,0.092,0.143,0.175,0.113,0.047,0.038,0.066,0.142,0.164,0.084,0.145,0.085,0.138,0.337,0.143,0.250,0.094,0.124,0.144,0.115,0.157,0.166,0.064,0.126,0.059,0.100,0.164,0.062,0.181,0.137,0.083,0.137,0.047,0.078,0.269,0.067,0.068,0.152,0.167,0.141,0.104,0.127,0.284,0.160,0.196,0.108,0.170,0.120,0.133,0.094,0.097,0.227,0.644,0.125,0.149,0.110,0.072,0.083,0.174,0.094,0.245,0.097,0.253,0.340,0.129,0.128,0.297,0.121,0.102,0.102
Index[15]=,0.194,0.380,0.154,0.104,0.105,0.108,0.256,0.325,0.498,0.199,0.182,0.367,0.190,0.148,0.476,0.137,0.159,0.201,0.210,0.198,0.166,0.098,0.134,0.140,0.058,0.149,0.167,0.198,0.186,0.111,0.070,0.171,0.110,0.159,0.126,0.164,0.088,0.096,0.071,0.124,0.121,0.103,0.063,0.066,0.080,0.184,0.387,0.148,0.102,0.104,0.100,0.062,0.076,0.128,0.100,0.187,0.156,0.167,0.131,0.136,0.132,0.147,0.090,0.092,0.193,0.110,0.178,0.218,0.114,0.185,0.215,0.501,0.130,0.116,0.124,0.136,0.150,0.183,0.157,0.098,0.110,0.136,0.104,0.113,0.094,0.073,0.137,0.112,0.184,0.123,0.065,0.109,0.075,0.073,0.092,0.067,0.110,0.117,0.127,0.163,0.088,0.146,0.242,0.350,0.128,0.119,0.129,0.120,0.153,0.182,0.093,0.282,0.358,0.168,0.214,0.140,0.099,0.114,0.144,0.093,0.176,0.185,0.136,0.165,0.254,0.183,0.164,0.135,0.061,0.096
Index[16]=,0.243,0.340,0.197,0.172,0.127,0.234,0.210,0.201,0.481,0.374,0.088,0.158,0.179,0.270,0.491,0.211,0.312,0.203,0.194,0.217,0.120,0.142,0.117,0.116,0.091,0.199,0.199,0.184,0.156,0.325,0.067,0.103,0.150,0.285,0.247,0.088,0.106,0.171,0.200,0.089,0.141,0.137,0.091,0.071,0.123,0.155,0.530,0.149,0.470,0.237,0.079,0.132,0.084,0.294,0.215,0.129,0.463,0.249,0.383,0.240,0.188,0.173,0.435,0.325,1.118,0.170,0.260,0.246,0.233,0.227,0.876,0.495,0.230,0.228,0.609,0.153,0.119,0.142,0.168,0.295,0.106,0.187,0.446,0.508,0.205,0.170,0.434,0.323,0.262,0.626,0.095,0.184,0.489,0.195,0.239,0.081,0.336,0.182,0.227,0.691,0.090,0.681,0.166,0.254,0.289,0.268,0.317,0.329,0.289,1.066,0.197,0.325,0.362,0.857,0.198,0.221,0.185,0.181,0.301,0.214,0.293,0.419,0.190,0.201,0.203,0.196,0.267,0.205,0.753,0.172
Index[17]=,0.421,0.224,0.388,0.413,0.972,0.433,0.180,0.827,0.705,0.514,0.196,0.291,0.262,0.573,0.325,0.200,0.404,0.199,0.278,0.450,0.143,0.486,0.240,0.183,1.520,0.161,0.505,0.118,0.609,0.158,0.222,0.128,0.225,0.228,0.192,0.193,0.107,0.083,0.443,0.178,0.157,0.136,0.237,0.229,1.012,0.096,0.439,0.319,0.264,0.175,0.189,0.116,0.095,0.219,0.336,0.301,0.361,0.246,0.299,0.202,0.192,0.218,0.236,0.231,0.226,0.114,0.110,0.173,0.279,0.260,0.273,0.289,0.296,0.113,0.287,0.150,0.403,0.120,0.121,0.271,0.144,0.122,0.291,0.315,0.199,0.109,0.253,0.345,0.152,0.260,0.111,0.181,0.128,0.162,0.272,0.215,0.082,0.241,0.184,0.155,0.083,0.267,0.329,0.295,0.354,0.175,0.686,0.382,0.217,0.293,0.180,0.271,0.287,0.263,0.293,0.202,0.096,0.096,0.121,0.475,0.182,0.191,0.167,0.236,0.179,0.160,0.280,0.144,0.168,0.289
Index[18]=,0.377,0.347,0.267,0.273,0.561,0.665,0.323,0.489,0.514,0.541,0.182,0.370,0.412,0.668,0.297,0.273,0.207,0.217,0.283,0.358,0.146,0.158,0.224,0.150,0.352,0.224,0.288,0.554,0.536,0.214,0.082,0.242,0.183,0.205,0.230,0.180,0.125,0.171,0.192,0.207,0.105,0.346,0.195,0.284,0.356,0.171,0.176,0.231,0.138,0.354,0.178,0.105,0.115,0.193,0.140,0.205,0.189,0.200,0.156,0.193,0.228,0.372,0.348,0.130,0.098,0.147,0.197,0.262,0.211,0.175,0.241,0.261,0.135,0.355,0.218,0.278,0.300,0.186,0.330,0.256,0.277,0.218,0.266,0.266,0.474,0.148,0.461,0.225,0.205,0.187,0.104,0.174,0.196,0.256,0.434,0.106,0.331,0.225,0.259,0.165,0.059,0.289,0.367,0.387,0.392,0.535,0.445,0.247,0.175,0.347,0.269,0.253,0.301,0.184,0.402,0.172,0.150,0.250,0.382,0.183,0.190,0.360,0.307,0.190,0.164,0.331,0.305,0.343,0.176,0.164
Index[19]=,0.296,0.451,0.241,0.212,0.441,0.442,0.290,0.454,0.600,0.628,0.137,0.221,0.492,0.603,0.322,0.237,0.362,0.210,0.255,0.259,0.388,0.191,0.183,0.083,0.345,0.208,0.262,0.225,0.311,0.372,0.101,0.251,0.250,0.171,0.561,0.143,0.758,0.199,0.267,0.216,0.377,0.219,0.129,0.176,0.390,0.257,0.233,0.172,0.140,0.197,0.115,0.065,0.273,0.194,0.406,0.166,0.313,0.271,0.221,0.175,0.176,0.190,0.098,0.104,0.100,0.131,0.165,0.110,0.150,0.100,0.135,0.259,0.210,0.194,0.106,0.122,0.176,0.128,0.155,0.135,0.147,0.091,0.164,0.259,0.179,0.113,0.306,0.158,0.275,0.108,0.176,0.144,0.110,0.141,0.112,0.079,0.157,0.219,0.162,0.129,0.044,0.228,0.193,0.140,0.209,0.200,0.206,0.193,0.224,0.193,0.425,0.284,0.221,0.114,0.224,0.160,0.086,0.124,0.184,0.112,0.126,0.287,0.121,0.136,0.089,0.235,0.386,0.162,0.111,0.110
Index[20]=,0.345,0.607,0.247,0.175,0.451,0.412,0.413,0.223,0.291,0.364,0.129,0.241,0.362,0.301,0.185,0.206,0.280,0.131,0.463,0.194,0.255,0.213,0.175,0.110,0.196,0.173,0.131,0.161,0.481,0.133,0.092,0.108,0.144,0.217,0.148,0.071,0.271,0.114,0.124,0.217,0.117,0.177,0.154,0.098,0.320,0.211,0.085,0.148,0.128,0.157,0.067,0.095,0.147,0.132,0.238,0.186,0.202,0.138,0.147,0.199,0.173,0.065,0.150,0.090,0.080,0.135,0.107,0.081,0.133,0.109,0.109,0.134,0.154,0.158,0.124,0.158,0.102,0.093,0.140,0.109,0.241,0.158,0.236,0.247,0.078,0.124,0.120,0.228,0.102,0.095,0.075,0.055,0.091,0.112,0.099,0.078,0.114,0.098,0.051,0.102,0.027,0.209,0.119,0.502,0.170,0.273,0.260,0.315,0.118,0.105,0.107,0.185,0.220,0.093,0.170,0.141,0.052,0.124,0.289,0.120,0.120,0.197,0.245,0.077,0.137,0.128,0.233,0.078,0.075,0.176
Index[21]=,0.227,0.428,0.146,0.114,0.190,0.242,0.352,0.407,0.527,0.266,0.118,0.259,0.312,0.302,0.183,0.103,0.277,0.126,0.209,0.170,0.155,0.336,0.209,0.181,0.101,0.128,0.199,0.106,0.183,0.078,0.165,0.108,0.096,0.121,0.232,0.072,0.348,0.073,0.160,0.089,0.090,0.238,0.092,0.142,0.091,0.105,0.223,0.147,0.114,0.119,0.140,0.053,0.302,0.096,0.286,0.125,0.119,0.118,0.417,0.068,0.117,0.113,0.179,0.062,0.088,0.117,0.093,0.132,0.203,0.123,0.151,0.085,0.303,0.307,0.103,0.071,0.149,0.066,0.241,0.131,0.143,0.084,0.156,0.076,0.046,0.051,0.186,0.225,0.081,0.076,0.085,0.163,0.108,0.131,0.137,0.132,0.117,0.192,0.107,0.138,0.041,0.142,0.289,0.219,0.108,0.138,0.147,0.106,0.189,0.158,0.387,0.175,0.167,0.127,0.085,0.115,0.045,0.156,0.119,0.086,0.094,0.119,0.274,0.127,0.100,0.191,0.280,0.147,0.081,0.116
Index[22]=,0.216,0.389,0.290,0.232,0.117,0.194,0.507,0.284,0.381,0.240,0.057,0.170,0.159,0.221,0.131,0.155,0.206,0.185,0.175,0.163,0.198,0.283,0.173,0.301,0.169,0.188,0.099,0.182,0.192,0.121,0.206,0.328,0.109,0.140,0.297,0.096,0.129,0.087,0.063,0.104,0.097,0.067,0.082,0.103,0.263,0.140,0.143,0.162,0.106,0.137,0.109,0.078,0.752,0.157,0.289,0.100,0.123,0.166,0.225,0.084,0.112,0.064,0.132,0.096,0.039,0.113,0.097,0.495,0.115,0.097,0.125,0.124,0.180,0.189,0.137,0.158,0.134,0.112,0.155,0.133,0.071,0.123,0.485,0.285,0.086,0.086,0.143,0.165,0.106,0.130,0.115,0.134,0.054,0.097,0.104,0.070,0.045,0.559,0.150,0.058,0.029,0.131,0.110,0.263,0.108,0.122,0.203,0.086,0.162,0.100,0.306,0.092,0.133,0.210,0.182,0.118,0.069,1.126,0.089,0.103,0.053,0.131,0.065,0.103,0.109,0.112,0.193,0.098,0.077,0.108
Index[23]=,0.199,0.406,0.680,0.182,0.095,0.138,0.309,0.431,0.253,0.124,0.243,0.115,0.166,0.234,0.099,0.063,0.211,0.525,0.128,0.178,0.126,0.163,0.147,0.115,0.097,0.237,0.204,0.132,0.099,0.118,0.084,0.073,0.701,0.057,0.134,0.106,0.144,0.152,0.086,0.095,0.121,0.138,0.102,0.083,0.146,0.108,0.115,0.158,0.071,0.128,0.068,0.069,0.654,0.135,0.235,0.193,0.080,0.223,0.076,0.196,0.133,0.114,0.112,0.069,0.042,0.327,0.083,0.166,0.103,0.090,0.097,0.098,0.293,0.296,0.095,0.093,0.080,0.089,0.078,0.068,0.088,0.086,0.119,0.215,0.133,0.068,0.064,0.175,0.062,0.116,0.090,0.076,0.060,0.070,0.093,0.085,0.038,0.246,0.072,0.046,0.018,0.093,0.163,0.233,0.104,0.076,0.109,0.139,0.123,0.070,0.327,0.060,0.162,0.101,0.094,0.053,0.037,0.233,0.218,0.128,0.069,0.102,0.058,0.055,0.129,0.158,0.160,0.056,0.087
