 0時の価格幅は0.3595(最高値=1.800、最低値=0.072、中央値=0.299、値域=0.252)
 1時の価格幅は0.3383(最高値=1.800、最低値=0.070、中央値=0.269、値域=0.214)
 2時の価格幅は0.3123(最高値=1.796、最低値=0.075、中央値=0.246、値域=0.221)
 3時の価格幅は0.2832(最高値=1.791、最低値=0.088、中央値=0.227、値域=0.163)
 4時の価格幅は0.3123(最高値=1.791、最低値=0.090、中央値=0.262、値域=0.148)
 5時の価格幅は0.3443(最高値=1.088、最低値=0.116、中央値=0.298、値域=0.183)
 6時の価格幅は0.3661(最高値=1.088、最低値=0.095、中央値=0.323、値域=0.231)
 7時の価格幅は0.3729(最高値=1.088、最低値=0.095、中央値=0.329、値域=0.236)
 8時の価格幅は0.3841(最高値=1.844、最低値=0.113、中央値=0.336、値域=0.228)
 9時の価格幅は0.3584(最高値=2.119、最低値=0.104、中央値=0.294、値域=0.246)
10時の価格幅は0.3610(最高値=2.119、最低値=0.089、中央値=0.307、値域=0.208)
11時の価格幅は0.3774(最高値=2.161、最低値=0.126、中央値=0.331、値域=0.188)
12時の価格幅は0.4161(最高値=2.125、最低値=0.125、中央値=0.358、値域=0.225)
13時の価格幅は0.4247(最高値=1.505、最低値=0.102、中央値=0.382、値域=0.262)
14時の価格幅は0.4396(最高値=1.505、最低値=0.096、中央値=0.392、値域=0.265)
15時の価格幅は0.4210(最高値=1.515、最低値=0.155、中央値=0.393、値域=0.209)
16時の価格幅は0.4709(最高値=1.515、最低値=0.129、中央値=0.434、値域=0.253)
17時の価格幅は0.5102(最高値=1.520、最低値=0.168、中央値=0.441、値域=0.301)
18時の価格幅は0.5544(最高値=1.779、最低値=0.110、中央値=0.508、値域=0.306)
19時の価格幅は0.5818(最高値=1.986、最低値=0.104、中央値=0.538、値域=0.342)
20時の価格幅は0.5895(最高値=2.016、最低値=0.091、中央値=0.531、値域=0.328)
21時の価格幅は0.5244(最高値=2.053、最低値=0.083、中央値=0.460、値域=0.295)
22時の価格幅は0.4715(最高値=1.246、最低値=0.063、中央値=0.417、値域=0.243)
23時の価格幅は0.4119(最高値=1.228、最低値=0.062、中央値=0.348、値域=0.273)

[取得値詳細]
Index[0]=,0.358,0.759,0.733,0.315,0.451,0.559,0.995,0.747,0.844,0.401,0.362,0.614,0.618,0.854,0.267,0.217,0.521,0.724,0.536,0.357,0.434,0.421,0.405,0.348,0.413,0.401,0.224,0.299,0.504,0.179,0.248,0.461,0.752,0.217,0.552,0.170,0.481,0.184,0.235,0.272,0.148,0.364,0.158,0.185,0.550,0.292,0.240,0.195,0.197,0.319,0.213,0.135,1.800,0.310,0.391,0.276,0.361,0.307,0.525,0.284,0.255,0.283,0.301,0.099,0.100,0.627,0.204,0.495,0.445,0.201,0.310,0.213,0.472,0.487,0.322,0.237,0.291,0.146,0.293,0.230,0.241,0.159,0.506,0.618,0.209,0.201,0.186,0.392,0.159,0.170,0.152,0.211,0.155,0.161,0.190,0.225,0.224,0.559,0.153,0.161,0.094,0.298,0.449,0.637,0.199,0.273,0.331,0.363,0.376,0.189,0.849,0.303,0.280,0.340,0.320,0.193,0.072,1.228,0.323,0.179,0.144,0.311,0.485,0.151,0.224,0.192,0.523,0.170,0.149
Index[1]=,0.379,0.300,0.759,0.733,0.315,0.315,0.294,0.666,0.747,0.862,0.323,0.362,0.401,0.428,0.808,0.236,0.189,0.386,0.724,0.232,0.323,0.569,0.421,0.580,0.348,0.413,0.401,0.247,0.331,0.418,0.197,0.248,0.421,0.752,0.183,0.536,0.225,0.385,0.184,0.170,0.268,0.147,0.369,0.146,0.185,0.369,0.292,0.223,0.195,0.175,0.207,0.085,1.800,0.310,0.242,0.217,0.256,0.445,0.203,0.283,0.284,0.099,0.187,0.536,0.204,0.495,0.358,0.201,0.219,0.208,0.442,0.440,0.271,0.271,0.190,0.153,0.293,0.230,0.222,0.133,0.551,0.415,0.209,0.119,0.186,0.372,0.269,0.170,0.152,0.251,0.155,0.161,0.191,0.176,0.145,0.559,0.153,0.142,0.094,0.298,0.449,0.485,0.198,0.161,0.294,0.249,0.316,0.189,0.784,0.176,0.197,0.340,0.391,0.193,0.070,1.228,0.248,0.403,0.126,0.239,0.274,0.164,1.429,0.192,0.448,0.159,0.129
Index[2]=,0.388,0.533,0.728,0.680,0.330,0.427,0.275,0.565,0.576,0.836,0.323,0.293,0.219,0.309,0.581,0.414,0.189,0.291,0.724,0.239,0.723,0.589,0.421,0.452,0.301,0.413,0.401,0.254,0.331,0.335,0.377,0.206,0.328,0.752,0.193,0.449,0.225,0.231,0.184,0.146,0.226,0.148,0.228,0.132,0.138,0.320,0.197,0.200,0.181,0.154,0.260,0.141,0.085,1.781,0.310,0.425,0.323,0.217,0.256,0.292,0.274,0.197,0.283,0.214,0.099,0.177,0.436,0.204,0.495,0.215,0.206,0.155,0.202,0.442,0.296,0.271,0.251,0.136,0.209,0.233,0.181,0.139,0.131,0.530,0.415,0.209,0.098,0.143,0.261,0.269,0.151,0.144,0.251,0.113,0.112,0.191,0.090,0.112,0.559,0.153,0.106,0.123,0.197,0.291,0.376,0.268,0.161,0.294,0.246,0.243,0.143,0.482,0.156,0.219,0.277,0.391,0.141,0.075,1.228,0.218,0.403,0.093,0.149,0.136,0.145,1.796,0.170,0.334,0.154,0.097
Index[3]=,0.299,0.438,0.571,0.680,0.316,0.541,0.255,0.421,0.507,0.740,0.312,0.323,0.254,0.259,0.640,0.603,0.220,0.235,0.724,0.248,0.723,0.578,0.264,0.406,0.126,0.410,0.322,0.254,0.318,0.316,0.377,0.175,0.170,0.723,0.182,0.253,0.225,0.227,0.184,0.147,0.323,0.220,0.191,0.116,0.137,0.250,0.492,0.355,0.181,0.154,0.230,0.129,0.113,1.413,0.307,0.425,0.323,0.164,0.234,0.149,0.279,0.242,0.283,0.218,0.099,0.216,0.327,0.153,0.226,0.215,0.206,0.155,0.155,0.344,0.296,0.261,0.145,0.151,0.164,0.187,0.164,0.170,0.112,0.234,0.248,0.196,0.088,0.139,0.218,0.221,0.175,0.106,0.251,0.154,0.103,0.191,0.144,0.155,0.361,0.153,0.106,0.158,0.213,0.267,0.408,0.214,0.170,0.196,0.194,0.196,0.143,0.356,0.146,0.306,0.309,0.321,0.132,0.113,0.401,0.231,0.364,0.091,0.165,0.116,0.115,1.791,0.244,0.264,0.215,0.097
Index[4]=,0.618,0.515,0.563,0.538,0.316,0.541,0.679,0.468,0.568,0.666,0.312,0.431,0.322,0.414,0.457,0.603,0.257,0.353,0.586,0.317,0.662,0.493,0.410,0.406,0.204,0.365,0.299,0.201,0.399,0.316,0.377,0.297,0.215,0.280,0.198,0.240,0.220,0.353,0.286,0.292,0.425,0.213,0.253,0.176,0.156,0.253,0.492,0.427,0.257,0.216,0.157,0.198,0.113,1.004,0.259,0.425,0.300,0.135,0.216,0.153,0.337,0.242,0.492,0.246,0.131,0.262,0.183,0.213,0.303,0.225,0.237,0.383,0.296,0.336,0.228,0.245,0.259,0.194,0.232,0.219,0.232,0.170,0.154,0.254,0.334,0.158,0.090,0.181,0.181,0.278,0.175,0.100,0.303,0.228,0.227,0.422,0.132,0.346,0.332,0.152,0.284,0.249,0.213,0.185,0.361,0.281,0.170,0.261,0.229,0.241,0.218,0.387,0.233,0.462,0.309,0.354,0.119,0.120,0.251,0.216,0.321,0.125,0.188,0.104,0.168,1.791,0.313,0.271,0.309,0.288
Index[5]=,0.618,0.495,0.716,0.643,0.405,0.452,0.744,0.468,0.632,0.681,0.720,0.742,0.463,0.414,0.463,0.567,0.306,0.540,0.409,0.456,0.707,0.540,0.553,0.278,0.202,0.395,0.259,0.287,0.462,0.302,0.377,0.297,0.229,0.212,0.201,0.209,0.246,0.365,0.276,0.288,0.425,0.365,0.259,0.224,0.263,0.253,0.608,0.550,0.280,0.205,0.231,0.198,0.142,0.623,0.249,0.425,0.300,0.158,0.290,0.295,0.301,0.379,0.722,0.225,0.152,0.368,0.183,0.197,0.298,0.183,0.237,0.381,0.347,0.396,0.209,0.245,0.336,0.194,0.231,0.219,0.234,0.177,0.141,0.268,0.333,0.139,0.116,0.231,0.228,0.364,0.178,0.119,0.303,0.228,0.353,0.496,0.161,0.394,0.332,0.223,0.284,0.287,0.384,0.283,0.369,0.281,0.170,0.368,0.353,0.228,0.355,0.342,0.233,0.540,0.233,0.412,0.491,0.118,0.430,0.267,0.412,0.288,0.188,0.126,0.268,1.088,0.313,0.246,0.326,0.288
Index[6]=,0.618,0.480,0.877,0.602,0.465,0.384,0.744,0.547,0.705,0.721,0.691,0.748,0.672,0.357,0.578,0.565,0.523,0.540,0.706,0.549,0.862,0.540,0.549,0.329,0.219,0.365,0.259,0.287,0.487,0.302,0.330,0.297,0.470,0.389,0.220,0.162,0.347,0.371,0.276,0.247,0.323,0.630,0.259,0.224,0.263,0.313,0.573,0.589,0.280,0.187,0.210,0.164,0.109,0.623,0.249,0.277,0.300,0.219,0.290,0.346,0.216,0.379,0.669,0.239,0.148,0.368,0.183,0.252,0.310,0.183,0.271,0.432,0.351,0.396,0.245,0.226,0.321,0.194,0.172,0.219,0.234,0.169,0.141,0.351,0.347,0.211,0.095,0.191,0.272,0.282,0.169,0.137,0.180,0.225,0.344,0.418,0.181,0.394,0.259,0.303,0.275,0.263,0.384,0.753,0.346,0.240,0.352,0.378,0.353,0.211,0.388,0.342,0.293,0.482,0.209,0.352,0.491,0.106,0.541,0.267,0.371,0.400,0.187,0.239,0.432,1.088,0.528,0.246,0.303,0.288
Index[7]=,0.620,0.348,0.663,0.661,0.465,0.384,0.744,0.611,0.631,0.721,0.733,0.667,1.088,0.535,0.578,0.565,0.523,0.540,0.706,0.569,0.863,0.521,0.549,0.415,0.278,0.343,0.259,0.332,0.359,0.601,0.410,0.405,0.470,0.389,0.233,0.190,0.318,0.354,0.272,0.235,0.266,0.673,0.209,0.224,0.263,0.516,0.768,0.589,0.257,0.211,0.198,0.221,0.113,0.735,0.224,0.217,0.276,0.266,0.313,0.346,0.208,0.379,0.669,0.239,0.129,0.368,0.218,0.411,0.310,0.183,0.329,0.363,0.361,0.396,0.245,0.226,0.321,0.194,0.191,0.202,0.234,0.169,0.127,0.295,0.347,0.205,0.095,0.157,0.272,0.282,0.219,0.137,0.244,0.224,0.320,0.418,0.181,0.394,0.230,0.328,0.271,0.262,0.384,0.803,0.263,0.251,0.446,0.378,0.274,0.211,0.376,0.342,0.373,0.413,0.208,0.279,0.491,0.114,0.547,0.267,0.256,0.384,0.187,0.366,0.379,0.750,0.528,0.246,0.252,0.327
Index[8]=,0.664,0.418,0.525,0.661,0.581,0.298,0.643,0.674,0.412,0.721,0.733,0.617,1.088,0.521,0.497,0.454,0.530,0.524,0.538,0.402,0.700,0.749,0.450,0.415,0.271,0.318,0.259,0.374,0.359,0.643,0.397,0.407,0.470,0.389,0.233,0.271,0.270,0.254,0.269,0.290,0.176,0.621,0.288,0.267,0.263,0.516,0.618,0.479,0.255,0.220,0.198,0.221,0.113,0.893,0.211,0.353,0.200,0.266,0.596,0.346,0.208,0.338,0.583,0.239,0.153,0.347,0.218,0.617,0.274,0.183,0.408,0.330,0.254,0.528,0.245,0.223,0.285,0.266,0.398,0.193,0.308,0.169,0.127,0.482,0.277,0.172,0.132,0.165,0.272,0.260,0.219,0.137,0.257,0.242,0.318,0.399,0.181,0.338,0.193,0.380,0.221,0.206,0.352,0.803,0.263,0.403,0.462,0.378,0.272,0.211,0.336,0.342,1.844,0.392,0.288,0.263,0.491,0.115,0.554,0.277,0.256,0.414,0.331,0.397,0.379,0.750,0.528,0.209,0.168,0.327
Index[9]=,0.518,0.564,0.434,0.448,0.651,0.403,0.963,0.824,0.268,0.721,0.554,0.462,0.955,0.521,0.473,0.301,0.459,0.445,0.504,0.458,0.594,0.559,0.351,0.415,0.201,0.202,0.154,0.268,0.359,0.643,0.300,0.334,0.470,0.315,0.217,0.224,0.270,0.151,0.205,0.240,0.139,0.492,0.288,0.173,0.171,0.392,0.618,0.338,0.314,0.237,0.251,0.207,0.145,0.918,0.202,0.353,0.260,0.232,0.561,0.346,0.175,0.294,0.603,0.214,0.132,0.217,0.170,0.548,0.203,0.175,0.348,0.309,0.197,0.613,0.201,0.395,0.223,0.292,0.398,0.191,0.224,0.169,0.104,0.453,0.209,0.167,0.162,0.224,0.211,0.170,0.222,0.215,0.207,0.186,0.219,0.168,0.181,0.228,0.196,0.271,0.168,0.209,0.534,0.803,0.291,0.360,0.520,0.369,0.302,0.123,0.297,0.369,2.119,0.426,0.215,0.175,0.491,0.232,0.565,0.399,0.251,0.341,0.270,0.397,0.361,0.870,0.352,0.229,0.168,0.273
Index[10]=,0.409,0.792,0.369,0.295,0.468,0.403,1.059,0.906,0.373,0.983,0.369,0.482,1.225,0.329,0.476,0.507,0.478,0.353,0.511,0.330,0.364,0.559,0.389,0.415,0.203,0.173,0.179,0.261,0.359,0.582,0.258,0.302,0.466,0.322,0.089,0.215,0.318,0.226,0.141,0.168,0.139,0.395,0.283,0.150,0.166,0.377,0.388,0.290,0.457,0.237,0.214,0.226,0.106,0.551,0.163,0.353,0.305,0.196,0.791,0.326,0.175,0.339,0.517,0.252,0.132,0.208,0.170,0.548,0.233,0.135,0.311,0.341,0.214,0.522,0.236,0.454,0.168,0.276,0.398,0.480,0.371,0.120,0.124,0.494,0.206,0.155,0.162,0.344,0.183,0.186,0.160,0.213,0.207,0.332,0.267,0.179,0.124,0.307,0.196,0.306,0.198,0.984,0.431,0.708,0.386,0.298,0.559,0.294,0.558,0.130,0.602,0.415,2.119,0.397,0.241,0.226,0.138,0.246,0.447,0.363,0.238,0.216,0.270,0.345,0.247,0.868,0.287,0.333,0.168,0.250
Index[11]=,0.334,0.730,0.454,0.346,0.424,0.297,1.040,0.807,0.373,0.856,0.320,0.445,1.121,0.445,0.596,0.694,0.498,0.371,0.425,0.354,0.346,0.559,0.520,0.360,0.177,0.268,0.314,0.261,0.236,0.582,0.310,0.290,0.432,0.256,0.126,0.406,0.278,0.236,0.189,0.209,0.164,0.237,0.248,0.137,0.197,0.312,0.374,0.351,0.625,0.246,0.214,0.239,0.142,0.569,0.210,0.332,0.291,0.196,0.803,0.408,0.208,0.339,0.506,0.275,0.132,0.165,0.371,0.551,0.190,0.160,0.331,0.341,0.281,0.438,0.342,0.385,0.276,0.241,0.330,0.480,0.396,0.178,0.161,0.567,0.251,0.208,0.162,0.337,0.246,0.223,0.148,0.346,0.181,0.353,0.267,0.228,0.226,0.262,0.259,0.231,0.198,1.009,0.384,0.708,0.392,0.298,0.392,0.409,0.544,0.360,0.602,0.461,2.161,0.625,0.388,0.292,0.245,0.297,0.382,0.363,0.478,0.233,0.265,0.239,0.210,0.795,0.417,0.327,0.277,0.159
Index[12]=,0.382,0.639,0.454,0.328,0.381,0.706,0.925,0.962,0.410,0.683,0.435,0.546,0.636,0.472,0.610,0.826,0.498,0.445,0.379,0.438,0.319,0.551,0.612,0.292,0.169,0.419,0.363,0.332,1.505,0.560,0.293,0.272,0.432,0.211,0.331,0.471,0.358,0.236,0.314,0.259,0.223,0.285,0.210,0.141,0.246,0.361,0.337,0.351,0.635,0.247,0.194,0.259,0.179,0.436,0.310,0.403,0.363,0.186,1.016,0.409,0.547,0.339,0.800,0.249,0.125,0.132,0.564,0.456,0.178,0.390,0.484,0.341,0.281,0.349,0.342,0.385,0.424,0.254,0.305,0.453,0.369,0.178,0.381,0.567,0.251,0.208,0.277,0.337,0.291,0.262,0.190,0.346,0.233,0.377,0.255,0.228,0.227,0.249,0.339,0.212,0.198,1.069,0.384,0.642,0.357,0.298,0.359,0.552,0.735,0.398,0.602,0.461,2.125,0.702,0.486,0.292,0.245,0.444,0.490,0.284,0.489,0.233,0.328,0.239,0.175,0.752,0.527,0.341,0.294,0.169
Index[13]=,0.475,0.587,0.557,0.327,0.326,1.047,0.637,0.734,1.336,0.575,0.367,0.546,0.602,0.667,0.610,0.825,0.473,0.578,0.379,0.418,0.319,0.572,0.533,0.291,0.167,0.511,0.373,0.340,1.505,0.509,0.236,0.382,0.432,0.321,0.349,0.471,0.557,0.236,0.314,0.287,0.223,0.285,0.314,0.242,0.201,0.413,0.337,0.407,0.510,0.247,0.270,0.259,0.217,0.372,0.525,0.382,0.285,0.186,0.731,0.409,0.640,0.291,0.589,0.228,0.102,0.152,0.564,0.303,0.282,0.390,0.511,0.387,0.343,0.283,0.380,0.381,0.435,0.297,0.394,0.453,0.508,0.190,0.532,0.567,0.244,0.208,0.280,0.273,0.397,0.247,0.159,0.346,0.199,0.402,0.346,0.228,0.257,0.238,0.314,0.212,0.167,1.038,0.653,0.605,0.357,0.255,0.345,0.611,0.719,0.400,0.602,0.555,0.701,0.665,0.419,0.292,0.245,0.470,0.554,0.284,0.493,0.216,0.387,0.479,0.182,0.752,0.544,0.520,0.262,0.296
Index[14]=,0.381,0.585,0.557,0.281,0.314,1.204,0.637,0.700,1.336,0.516,0.367,0.546,0.602,0.727,0.496,0.808,0.416,0.676,0.379,0.387,0.325,0.608,0.499,0.355,0.167,0.512,0.552,0.438,1.505,0.485,0.213,0.481,0.432,0.374,0.344,0.439,0.504,0.218,0.307,0.275,0.223,0.286,0.314,0.428,0.185,0.402,0.471,0.476,0.362,0.196,0.270,0.259,0.274,0.372,0.540,0.382,0.365,0.244,0.612,0.351,0.636,0.342,0.524,0.228,0.096,0.155,0.531,0.320,0.392,0.390,0.511,0.359,0.337,0.551,0.495,0.551,0.435,0.314,0.282,0.439,0.508,0.268,0.547,0.567,0.211,0.255,0.377,0.239,0.473,0.170,0.184,0.384,0.186,0.402,0.529,0.228,0.281,0.249,0.314,0.241,0.225,0.989,0.804,0.605,0.357,0.255,0.406,0.669,0.621,0.386,0.602,0.720,0.885,0.663,0.397,0.332,0.245,0.475,0.558,0.257,0.672,0.203,0.347,0.479,0.151,0.728,0.660,0.461,0.243,0.290
Index[15]=,0.346,0.629,0.557,0.281,0.314,1.100,0.475,0.700,1.515,0.434,0.424,0.759,0.494,0.634,0.727,0.474,0.396,0.676,0.409,0.395,0.325,0.421,0.455,0.333,0.158,0.559,0.531,0.397,1.505,0.269,0.158,0.478,0.282,0.450,0.330,0.375,0.391,0.217,0.287,0.222,0.256,0.301,0.281,0.428,0.180,0.393,0.702,0.476,0.336,0.203,0.245,0.275,0.259,0.372,0.472,0.449,0.390,0.293,0.435,0.281,0.634,0.402,0.512,0.228,0.217,0.155,0.466,0.339,0.411,0.390,0.511,0.567,0.337,0.551,0.398,0.585,0.490,0.314,0.295,0.430,0.310,0.308,0.486,0.309,0.165,0.224,0.415,0.227,0.446,0.237,0.184,0.263,0.169,0.402,0.529,0.228,0.316,0.207,0.275,0.393,0.225,0.417,0.819,0.766,0.357,0.247,0.406,0.536,0.606,0.360,0.552,0.761,0.885,0.604,0.309,0.289,0.225,0.475,0.558,0.246,0.543,0.291,0.347,0.471,0.278,0.318,0.660,0.461,0.212,0.271
Index[16]=,0.389,0.677,0.532,0.221,0.268,1.026,0.475,0.620,1.515,0.452,0.360,0.787,0.496,0.652,0.837,0.311,0.459,0.601,0.497,0.374,0.325,0.377,0.329,0.226,0.141,0.535,0.482,0.334,1.464,0.445,0.131,0.451,0.361,0.525,0.308,0.375,0.360,0.245,0.255,0.187,0.301,0.211,0.264,0.446,0.253,0.410,1.076,0.369,0.608,0.252,0.224,0.376,0.220,0.497,0.416,0.449,0.463,0.451,0.698,0.474,0.575,0.413,0.563,0.392,1.118,0.184,0.479,0.359,0.468,0.297,1.149,0.640,0.295,0.438,0.689,0.465,0.490,0.330,0.267,0.353,0.324,0.311,0.468,0.564,0.228,0.224,0.434,0.348,0.382,0.626,0.184,0.297,0.596,0.251,0.477,0.129,0.512,0.276,0.402,0.811,0.225,0.743,0.826,0.766,0.439,0.315,0.365,0.587,0.551,1.085,0.444,0.744,0.731,0.857,0.280,0.337,0.283,0.412,0.388,0.229,0.369,0.581,0.292,0.471,0.478,0.329,0.671,0.593,0.753,0.399
Index[17]=,0.674,0.677,0.851,0.475,0.972,0.595,0.437,1.096,1.358,0.524,0.320,0.720,0.677,0.636,0.837,0.397,0.820,0.367,0.475,0.450,0.263,0.486,0.408,0.299,1.520,0.284,0.905,0.334,0.654,0.445,0.282,0.301,0.329,0.498,0.385,0.433,0.285,0.297,0.505,0.192,0.294,0.239,0.237,0.572,1.012,0.410,1.076,0.432,0.608,0.275,0.339,0.280,0.170,0.539,0.571,0.469,0.503,0.436,0.870,0.464,0.403,0.334,0.617,0.374,1.226,0.196,0.426,0.246,0.387,0.419,1.149,0.803,0.400,0.377,0.689,0.344,0.524,0.429,0.183,0.560,0.327,0.311,0.468,0.797,0.286,0.182,0.434,0.524,0.345,0.639,0.168,0.301,0.584,0.350,0.415,0.264,0.472,0.327,0.392,0.821,0.178,0.803,0.744,0.575,0.474,0.301,0.813,0.437,0.553,1.211,0.382,0.481,0.706,0.857,0.325,0.359,0.283,0.265,0.341,0.641,0.369,0.630,0.452,0.441,0.572,0.251,0.583,0.346,0.753,0.452
Index[18]=,0.972,0.643,0.797,0.514,0.972,1.068,0.420,1.096,1.013,0.814,0.397,0.510,0.686,0.836,0.945,0.397,0.821,0.372,0.424,0.457,0.187,0.486,0.370,0.271,1.779,0.330,0.792,0.650,0.899,0.445,0.281,0.278,0.292,0.365,0.483,0.445,0.188,0.342,0.556,0.216,0.213,0.516,0.237,0.443,1.193,0.343,1.076,0.432,0.547,0.354,0.313,0.211,0.177,0.539,0.622,0.407,0.541,0.411,0.797,0.477,0.404,0.372,0.800,0.365,1.226,0.196,0.487,0.426,0.508,0.419,1.075,0.991,0.400,0.514,0.689,0.525,0.524,0.553,0.453,0.591,0.304,0.357,0.594,0.877,0.521,0.224,0.553,0.641,0.436,0.639,0.168,0.301,0.718,0.329,0.735,0.264,0.669,0.486,0.304,0.821,0.110,0.836,0.446,0.454,0.474,0.674,1.076,0.671,0.522,1.211,0.351,0.557,0.801,0.857,0.568,0.359,0.269,0.463,0.618,0.641,0.343,0.580,0.645,0.368,0.588,0.375,0.526,0.401,0.767,0.403
Index[19]=,1.058,0.776,0.636,0.514,1.041,1.068,0.420,1.048,1.013,1.420,0.324,0.464,0.604,0.836,0.798,0.350,0.760,0.268,0.376,0.457,0.553,0.486,0.285,0.259,1.986,0.330,0.699,0.780,0.911,0.612,0.257,0.435,0.319,0.365,0.572,0.328,0.758,0.309,0.671,0.289,0.485,0.516,0.290,0.433,1.373,0.399,0.761,0.387,0.623,0.403,0.252,0.215,0.411,0.406,0.843,0.320,0.761,0.387,0.619,0.444,0.386,0.372,0.776,0.352,1.226,0.182,0.564,0.426,0.555,0.419,1.049,1.045,0.499,0.472,0.610,0.391,0.524,0.538,0.514,0.711,0.379,0.357,0.572,1.084,0.545,0.224,0.778,0.641,0.695,0.639,0.271,0.364,0.739,0.392,0.735,0.251,0.684,0.654,0.272,0.717,0.104,0.836,0.430,0.414,0.460,0.821,1.064,0.671,0.691,1.211,0.425,0.575,0.721,0.857,0.654,0.359,0.266,0.463,0.618,0.641,0.343,0.544,0.558,0.322,0.625,0.543,0.528,0.359,0.767,0.403
Index[20]=,0.912,1.191,0.617,0.514,1.356,1.042,0.652,0.970,1.013,1.429,0.310,0.518,0.735,0.836,0.703,0.350,0.760,0.264,0.590,0.549,0.553,0.486,0.307,0.259,2.016,0.316,0.668,0.791,1.329,0.612,0.231,0.435,0.337,0.380,0.572,0.295,0.843,0.309,0.658,0.487,0.496,0.510,0.323,0.433,1.373,0.529,0.530,0.387,0.688,0.431,0.250,0.250,0.411,0.336,0.992,0.320,0.761,0.376,0.601,0.343,0.407,0.372,0.776,0.325,1.226,0.269,0.426,0.426,0.568,0.419,0.876,0.900,0.527,0.446,0.609,0.432,0.500,0.430,0.508,0.666,0.532,0.357,0.720,1.084,0.559,0.218,0.778,0.634,0.686,0.639,0.309,0.364,0.704,0.392,0.735,0.222,0.599,0.654,0.259,0.717,0.091,0.774,0.437,0.699,0.460,1.057,1.028,0.671,0.640,1.192,0.425,0.419,0.457,0.857,0.633,0.243,0.199,0.443,0.682,0.641,0.380,0.544,0.558,0.322,0.374,0.531,0.634,0.343,0.767,0.325
Index[21]=,0.805,1.143,0.489,0.452,1.356,1.027,0.920,1.026,1.013,1.429,0.310,0.501,0.991,0.907,0.666,0.350,0.558,0.264,0.652,0.549,0.553,0.492,0.286,0.306,2.053,0.295,0.543,0.710,1.320,0.481,0.305,0.435,0.289,0.380,0.581,0.263,1.016,0.257,0.747,0.542,0.454,0.424,0.327,0.433,1.373,0.556,0.439,0.321,0.536,0.431,0.303,0.229,0.411,0.287,1.067,0.320,0.619,0.366,0.497,0.343,0.322,0.372,0.499,0.238,0.319,0.342,0.306,0.376,0.617,0.260,0.508,0.531,0.715,0.479,0.399,0.457,0.403,0.309,0.564,0.435,0.532,0.331,0.641,0.602,0.512,0.218,0.686,0.480,0.602,0.301,0.309,0.364,0.323,0.392,0.689,0.309,0.346,0.568,0.289,0.240,0.083,0.480,0.624,0.834,0.460,1.020,0.949,0.616,0.391,0.487,0.684,0.366,0.391,0.263,0.633,0.236,0.184,0.333,0.503,0.475,0.371,0.544,0.616,0.280,0.234,0.549,0.525,0.343,0.226,0.291
Index[22]=,0.463,1.143,0.433,0.346,1.246,0.788,1.176,0.935,0.904,1.156,0.206,0.565,0.991,1.092,0.405,0.350,0.667,0.267,0.663,0.450,0.548,0.517,0.317,0.348,0.639,0.229,0.394,0.695,1.002,0.481,0.256,0.707,0.268,0.346,0.733,0.180,1.053,0.257,0.445,0.533,0.454,0.357,0.305,0.306,0.606,0.520,0.345,0.313,0.348,0.431,0.298,0.184,0.854,0.321,0.820,0.287,0.417,0.336,0.525,0.343,0.322,0.372,0.348,0.165,0.196,0.424,0.302,0.501,0.530,0.240,0.408,0.333,0.614,0.593,0.403,0.358,0.346,0.251,0.539,0.417,0.505,0.218,0.506,0.505,0.517,0.218,0.686,0.427,0.568,0.236,0.277,0.264,0.254,0.367,0.434,0.270,0.347,0.559,0.317,0.244,0.063,0.480,0.587,0.834,0.460,0.918,0.508,0.416,0.460,0.347,0.905,0.308,0.318,0.311,0.496,0.211,0.184,1.126,0.446,0.226,0.315,0.516,0.616,0.223,0.203,0.549,0.492,0.343,0.226,0.258
Index[23]=,0.418,1.012,0.804,0.315,0.756,0.559,1.142,0.927,0.859,0.637,0.362,0.614,0.879,1.065,0.405,0.260,0.662,0.525,0.663,0.378,0.424,0.485,0.380,0.348,0.425,0.430,0.262,0.299,0.765,0.372,0.248,0.559,0.776,0.238,0.755,0.143,1.053,0.199,0.365,0.469,0.393,0.318,0.166,0.251,0.663,0.414,0.345,0.195,0.274,0.300,0.253,0.140,1.041,0.315,0.750,0.276,0.417,0.336,0.525,0.284,0.364,0.229,0.226,0.113,0.169,0.747,0.183,0.495,0.475,0.171,0.411,0.381,0.556,0.515,0.344,0.233,0.301,0.166,0.303,0.230,0.300,0.174,0.506,0.635,0.198,0.201,0.306,0.392,0.377,0.198,0.242,0.216,0.131,0.242,0.190,0.225,0.224,0.559,0.228,0.202,0.062,0.261,0.387,0.695,0.237,0.436,0.383,0.363,0.460,0.233,1.081,0.308,0.280,0.311,0.405,0.195,0.134,1.228,0.351,0.226,0.216,0.364,0.593,0.223,0.235,0.285,0.492,0.291,0.148
